
[tomas@nixbtw:~/projects/Robotics/current/Cognex]$ t
Not sending analytics for this command.

Established terminal connection



         _+=+_
      .-`  .  `-.          8888888b.  8888888b.   .d88888b.   .d8888b.
   _+`     "     `+_       888   Y88b 888   Y88b d88P" "Y88b d88P  Y88b
  \\\sssssssssssss///      888    888 888    888 888     888 Y88b.
     .ss\  *  /ss.         888   d88P 888   d88P 888     888  "Y888b.
 .+bm  .s  *  s.  md+.     8888888P"  8888888P"  888     888     "Y88b.
.hMMMMs .  *  . sMMMMh.    888        888 T88b   888     888       "888
 `\hMMMb \ | / dMMMh:      888        888  T88b  Y88b. .d88P Y88b  d88P
   -SNMNo  -  oNMNs-       888        888   T88b  "Y88888P"   "Y8888P"
     `+dMh\./dMd/
        `:yNy:`                      Powered by PROS for VEX V5
           "                Copyright (c) Purdue University ACM SIGBots
Version:        4.2.1     Platform:  V1.1.5 (b18)     Uptime:    0.000 s
Compiled:   Jan  1 1980 00:00:00     Directory:


bouncing done
health done
auton done
calibrated!
starting task: 2318294
initializing odom model
timed correctly: 2321167
initializing pf model
initializing smoother model
target: 0.000 0.157
dist/lin/ang/drive_left/drive_right/tv_l/tv_r/av_l/av_r/x/y/theta/t_err: 1.57079 0.00000 1.20000 0.00000 0.00000 -0.00017 0.00000 -0.00017 0.00000 0 0 0.00026 1.57079
fb: 0.00000 0.00000 -0.85057 0.85860
fb: 0.00000 0.00000 -0.85057 0.85860
target: 0.00000 0.31394
dist/lin/ang/drive_left/drive_right/tv_l/tv_r/av_l/av_r/x/y/theta/t_err: 1.57080 0.00000 2.40000 0.00000 0.00000 -0.05511 0.05747 -0.05511 0.05747 0 0 0.00006 1.57080
fb: 0.00375 0.00000 -0.95574 0.96691
fb: 0.00375 0.02264 -0.95574 0.96691
target: 0.00000 0.47092
dist/lin/ang/drive_left/drive_right/tv_l/tv_r/av_l/av_r/x/y/theta/t_err: 1.57080 0.00000 3.60000 -0.01889 0.02640 -0.43169 0.41853 -0.43169 0.41853 0 0 -0.00003 1.57080
fb: -0.00375 0.07448 -1.00000 1.00000
fb: -0.00375 0.12500 -1.00000 1.00000
target: 0.00000 0.62789
dist/lin/ang/drive_left/drive_right/tv_l/tv_r/av_l/av_r/x/y/theta/t_err: 1.56515 0.00000 4.80000 -0.12875 0.12125 -0.49642 0.40397 -0.49642 0.40397 0 0 0.32352 1.56515
fb: 0.00000 0.16625 -1.00000 1.00000
fb: 0.00000 0.19983 -1.00000 1.00000
target: 0.00000 0.64855
dist/lin/ang/drive_left/drive_right/tv_l/tv_r/av_l/av_r/x/y/theta/t_err: 1.54455 0.00000 4.95796 -0.19983 0.19983 -0.54261 0.47175 -0.54261 0.47175 0 0 1.50395 1.54455
fb: 0.00375 0.23669 -0.56654 0.58440
fb: 0.00000 0.27975 -0.56654 0.58440
target: 0.00000 0.64099
dist/lin/ang/drive_left/drive_right/tv_l/tv_r/av_l/av_r/x/y/theta/t_err: 1.51260 0.00000 4.90017 -0.27975 0.27975 -0.53044 0.53058 -0.53044 0.53058 0 0 3.33468 1.51260
fb: -0.00375 0.32748 -0.43447 0.45218
fb: 0.00000 0.36426 -0.43447 0.45218
target: 0.00000 0.63035
dist/lin/ang/drive_left/drive_right/tv_l/tv_r/av_l/av_r/x/y/theta/t_err: 1.46817 0.00000 4.81880 -0.36426 0.36426 -0.39117 0.40758 -0.39117 0.40758 0 0 5.88016 1.46817
fb: 0.00375 0.38356 -0.41345 0.43095
fb: 0.00199 0.39973 -0.41345 0.43095
target: 0.00000 0.61668
dist/lin/ang/drive_left/drive_right/tv_l/tv_r/av_l/av_r/x/y/theta/t_err: 1.41210 0.00000 4.71433 -0.39774 0.40172 -0.40639 0.42536 -0.40639 0.42536 0 0 9.09246 1.41210
fb: -0.00177 0.42377 -0.39070 0.40793
fb: 0.00000 0.44662 -0.39070 0.40793
target: 0.00000 0.60126
dist/lin/ang/drive_left/drive_right/tv_l/tv_r/av_l/av_r/x/y/theta/t_err: 1.35013 0.00000 4.59641 -0.44662 0.44662 -0.39236 0.40689 -0.39236 0.40689 0 0 12.64304 1.35013
fb: 0.00000 0.46244 -0.37245 0.38937
fb: 0.00000 0.47602 -0.37245 0.38937
target: 0.00000 0.58376
dist/lin/ang/drive_left/drive_right/tv_l/tv_r/av_l/av_r/x/y/theta/t_err: 1.28154 0.00000 4.46268 -0.47602 0.47602 -0.37542 0.38361 -0.37542 0.38361 0 0 16.57329 1.28154
fb: 0.00000 0.49059 -0.35143 0.36800
fb: 0.00000 0.50376 -0.35143 0.36800
target: 0.00000 0.56458
dist/lin/ang/drive_left/drive_right/tv_l/tv_r/av_l/av_r/x/y/theta/t_err: 1.20837 0.00000 4.31604 -0.50376 0.50376 -0.36069 0.36531 -0.36069 0.36531 0 0 20.76543 1.20837
fb: 0.00000 0.51469 -0.33097 0.34716
fb: 0.00000 0.52501 -0.33097 0.34716
target: 0.00000 0.54370
dist/lin/ang/drive_left/drive_right/tv_l/tv_r/av_l/av_r/x/y/theta/t_err: 1.13116 0.00000 4.15638 -0.52501 0.52501 -0.33606 0.34169 -0.33606 0.34169 0 0 25.18951 1.13116
fb: 0.00000 0.53086 -0.30932 0.32508
fb: 0.00000 0.53086 -0.30932 0.32508
target: 0.00000 0.52123
dist/lin/ang/drive_left/drive_right/tv_l/tv_r/av_l/av_r/x/y/theta/t_err: 1.05095 0.00000 3.98466 -0.53086 0.53086 -0.31586 0.32117 -0.31586 0.32117 0 0 29.78476 1.05095
fb: 0.00000 0.53330 -0.28717 0.30249
fb: 0.00000 0.53525 -0.28717 0.30249
target: 0.00000 0.49762
dist/lin/ang/drive_left/drive_right/tv_l/tv_r/av_l/av_r/x/y/theta/t_err: 0.96984 0.00000 3.80417 -0.53525 0.53525 -0.29156 0.30425 -0.29156 0.30425 0 0 34.43240 0.96984
fb: -0.00971 0.53511 -0.26619 0.28104
fb: -0.01567 0.53100 -0.26619 0.28104
target: 0.00000 0.47285
dist/lin/ang/drive_left/drive_right/tv_l/tv_r/av_l/av_r/x/y/theta/t_err: 0.88823 0.00000 3.61480 -0.54666 0.51533 -0.27478 0.28508 -0.27478 0.28508 0 0 39.10844 0.88823
fb: -0.01743 0.52905 -0.24436 0.25871
fb: -0.02118 0.52626 -0.24436 0.25871
target: 0.00000 0.44713
dist/lin/ang/drive_left/drive_right/tv_l/tv_r/av_l/av_r/x/y/theta/t_err: 0.80728 0.00000 3.41816 -0.54744 0.50508 -0.25242 0.26867 -0.25242 0.26867 0 0 43.74630 0.80728
fb: -0.01765 0.52062 -0.22285 0.23669
fb: -0.02140 0.51267 -0.22285 0.23669
target: 0.00000 0.42039
dist/lin/ang/drive_left/drive_right/tv_l/tv_r/av_l/av_r/x/y/theta/t_err: 0.72722 0.00000 3.21372 -0.53408 0.49127 -0.23614 0.24228 -0.23614 0.24228 0 0 48.33312 0.72722
fb: -0.02890 0.50536 -0.20034 0.21364
fb: -0.03883 0.49867 -0.20034 0.21364
target: 0.00000 0.39290
dist/lin/ang/drive_left/drive_right/tv_l/tv_r/av_l/av_r/x/y/theta/t_err: 0.64930 0.00000 3.00361 -0.53750 0.45984 -0.21714 0.22742 -0.21714 0.22742 0 0 52.79792 0.64930
fb: -0.04656 0.49066 -0.17858 0.19133
fb: -0.04060 0.48209 -0.17858 0.19133
target: 0.00000 0.36454
dist/lin/ang/drive_left/drive_right/tv_l/tv_r/av_l/av_r/x/y/theta/t_err: 0.57351 0.00000 2.78676 -0.52269 0.44149 -0.19694 0.20892 -0.19694 0.20892 0 0 57.14055 0.57351
fb: -0.03310 0.47087 -0.15561 0.16780
fb: -0.03508 0.45979 -0.15561 0.16780
target: 0.00000 0.33534
dist/lin/ang/drive_left/drive_right/tv_l/tv_r/av_l/av_r/x/y/theta/t_err: 0.50041 0.00000 2.56357 -0.49487 0.42471 -0.17181 0.18683 -0.17181 0.18683 0 0 61.32876 0.50041
fb: -0.04259 0.45136 -0.13232 0.14392
fb: -0.05031 0.44237 -0.13232 0.14392
target: 0.00000 0.30534
dist/lin/ang/drive_left/drive_right/tv_l/tv_r/av_l/av_r/x/y/theta/t_err: 0.43049 0.00000 2.33423 -0.49268 0.39206 -0.14972 0.16256 -0.14972 0.16256 0 0 65.33498 0.43049
fb: -0.05229 0.43115 -0.10860 0.11961
fb: -0.05627 0.41248 -0.10860 0.11961
target: 0.00000 0.27415
dist/lin/ang/drive_left/drive_right/tv_l/tv_r/av_l/av_r/x/y/theta/t_err: 0.36337 0.00000 2.09582 -0.46875 0.35621 -0.13294 0.13861 -0.13294 0.13861 0 0 69.18037 0.36337
fb: -0.05627 0.39053 -0.08236 0.09274
fb: -0.04457 0.37026 -0.08236 0.09274
target: 0.00000 0.24260
dist/lin/ang/drive_left/drive_right/tv_l/tv_r/av_l/av_r/x/y/theta/t_err: 0.30125 0.00000 1.85457 -0.41483 0.32569 -0.11242 0.11225 -0.11242 0.11225 0 0 72.73988 0.30125
fb: -0.04082 0.35277 -0.05956 0.06930
fb: -0.03883 0.33646 -0.05956 0.06930
target: 0.00000 0.21127
dist/lin/ang/drive_left/drive_right/tv_l/tv_r/av_l/av_r/x/y/theta/t_err: 0.24532 0.00000 1.61506 -0.37530 0.29763 -0.09186 0.09819 -0.09186 0.09819 0 0 75.94399 0.24532
fb: -0.03288 0.31918 -0.03958 0.04870
fb: -0.02714 0.29738 -0.03958 0.04870
target: 0.00000 0.17955
dist/lin/ang/drive_left/drive_right/tv_l/tv_r/av_l/av_r/x/y/theta/t_err: 0.19455 0.00000 1.37257 -0.32452 0.27024 -0.06825 0.07083 -0.06825 0.07083 0 0 78.85306 0.19455
fb: -0.01942 0.27271 0.06147 -0.06277
fb: -0.01942 0.24791 0.06147 -0.06277
target: 0.00000 0.14816
dist/lin/ang/drive_left/drive_right/tv_l/tv_r/av_l/av_r/x/y/theta/t_err: 0.15010 0.00000 1.13262 -0.26732 0.22849 -0.01489 0.02978 -0.01489 0.02978 0 0 81.40000 0.15010
fb: -0.02140 0.22206 0.08100 -0.08293
fb: -0.01743 0.18938 0.08100 -0.08293
target: 0.00000 0.11836
dist/lin/ang/drive_left/drive_right/tv_l/tv_r/av_l/av_r/x/y/theta/t_err: 0.11323 0.00000 0.90484 -0.20681 0.17195 0.05494 -0.05664 0.05494 -0.05664 0 0 83.51257 0.11323
fb: -0.01545 0.14702 0.09380 -0.09633
fb: -0.01169 0.09964 0.09380 -0.09633
target: 0.00000 0.09306
dist/lin/ang/drive_left/drive_right/tv_l/tv_r/av_l/av_r/x/y/theta/t_err: 0.08599 0.00000 0.71142 -0.11133 0.08794 0.07631 -0.07664 0.07631 -0.07664 0 0 85.07307 0.08599
fb: -0.00772 0.05693 0.09053 -0.09356
fb: -0.00375 0.01672 0.09053 -0.09356
target: 0.00000 0.07875
dist/lin/ang/drive_left/drive_right/tv_l/tv_r/av_l/av_r/x/y/theta/t_err: 0.07224 0.00000 0.60203 -0.02047 0.01297 0.08453 -0.08400 0.08453 -0.08400 0 0 85.86072 0.07224
fb: -0.00397 -0.01575 0.05065 -0.05397
fb: -0.00397 -0.03400 0.05065 -0.05397
target: 0.00000 0.07726
dist/lin/ang/drive_left/drive_right/tv_l/tv_r/av_l/av_r/x/y/theta/t_err: 0.07088 0.00000 0.59059 0.03003 -0.03797 0.07719 -0.07686 0.07719 -0.07686 0 0 85.93913 0.07088
fb: 0.00000 -0.04424 -0.08405 0.09049
fb: 0.00000 -0.04731 -0.08405 0.09049
target: 0.00000 0.08324
dist/lin/ang/drive_left/drive_right/tv_l/tv_r/av_l/av_r/x/y/theta/t_err: 0.07643 0.00000 0.63634 0.04731 -0.04731 0.03422 -0.01781 0.03422 -0.01781 0 0 85.62110 0.07643
fb: -0.00375 -0.04515 -0.12172 0.12828
fb: -0.00772 -0.04174 -0.12172 0.12828
target: 0.00000 0.09066
dist/lin/ang/drive_left/drive_right/tv_l/tv_r/av_l/av_r/x/y/theta/t_err: 0.08360 0.00000 0.69308 0.03401 -0.04946 -0.07547 0.08606 -0.07547 0.08606 0 0 85.20992 0.08360
fb: -0.00794 -0.03790 -0.13317 0.13988
fb: -0.00772 -0.03233 -0.13317 0.13988
target: 0.00000 0.09690
dist/lin/ang/drive_left/drive_right/tv_l/tv_r/av_l/av_r/x/y/theta/t_err: 0.08988 0.00000 0.74074 0.02461 -0.04005 -0.11003 0.11106 -0.11003 0.11106 0 0 84.85034 0.08988
fb: -0.00375 -0.02125 -0.13200 0.13883
fb: 0.00000 -0.00509 -0.13200 0.13883
target: 0.00000 0.10119
dist/lin/ang/drive_left/drive_right/tv_l/tv_r/av_l/av_r/x/y/theta/t_err: 0.09433 0.00000 0.77353 0.00509 -0.00509 -0.12133 0.11703 -0.12133 0.11703 0 0 84.59535 0.09433
fb: 0.00000 0.01791 -0.12612 0.13304
fb: 0.00000 0.04048 -0.12612 0.13304
target: 0.00000 0.10104
dist/lin/ang/drive_left/drive_right/tv_l/tv_r/av_l/av_r/x/y/theta/t_err: 0.09417 0.00000 0.77238 -0.04048 0.04048 -0.11839 0.11706 -0.11839 0.11706 0 0 84.60436 0.09417
fb: 0.00000 0.05149 -0.10604 0.11296
fb: 0.00000 0.05888 -0.10604 0.11296
target: 0.00000 0.09474
dist/lin/ang/drive_left/drive_right/tv_l/tv_r/av_l/av_r/x/y/theta/t_err: 0.08769 0.00000 0.72428 -0.05888 0.05888 -0.11481 0.11431 -0.11481 0.11431 0 0 84.97600 0.08769
fb: 0.00000 0.06417 -0.07418 0.08097
fb: 0.00000 0.06689 -0.07418 0.08097
target: 0.00000 0.08542
dist/lin/ang/drive_left/drive_right/tv_l/tv_r/av_l/av_r/x/y/theta/t_err: 0.07850 0.00000 0.65302 -0.06689 0.06689 -0.09242 0.10183 -0.09242 0.10183 0 0 85.50215 0.07850
fb: 0.00000 0.06779 -0.05431 0.06091
fb: 0.00000 0.06577 -0.05431 0.06091
target: 0.00000 0.07434
dist/lin/ang/drive_left/drive_right/tv_l/tv_r/av_l/av_r/x/y/theta/t_err: 0.06825 0.00000 0.56833 -0.06577 0.06577 -0.06811 0.07697 -0.06811 0.07697 0 0 86.08958 0.06825
fb: 0.00000 0.06222 0.03906 0.04536
fb: 0.00000 0.05734 0.03906 0.04536
target: 0.00000 0.06278
dist/lin/ang/drive_left/drive_right/tv_l/tv_r/av_l/av_r/x/y/theta/t_err: 0.05831 0.00000 0.47991 -0.05734 0.05734 -0.04142 0.05783 -0.04142 0.05783 0 0 86.65907 0.05831
fb: 0.00000 0.05267 0.04901 -0.05265
fb: 0.00000 0.04557 0.04901 -0.05265
target: 0.00000 0.05194
dist/lin/ang/drive_left/drive_right/tv_l/tv_r/av_l/av_r/x/y/theta/t_err: 0.04971 0.00000 0.39706 -0.04557 0.04557 0.03061 0.00839 0.03061 0.00839 0 0 87.15202 0.04971
fb: 0.00000 0.03623 0.05299 -0.05685
fb: 0.00000 0.02648 0.05299 -0.05685
target: 0.00000 0.04300
dist/lin/ang/drive_left/drive_right/tv_l/tv_r/av_l/av_r/x/y/theta/t_err: 0.04313 0.00000 0.32871 -0.02648 0.02648 0.04328 -0.04878 0.04328 -0.04878 0 0 87.52910 0.04313
fb: 0.00000 0.01665 0.05045 -0.05448
fb: 0.00000 0.00683 0.05045 -0.05448
target: 0.00000 0.03773
dist/lin/ang/drive_left/drive_right/tv_l/tv_r/av_l/av_r/x/y/theta/t_err: 0.03946 0.00000 0.28840 -0.00683 0.00683 0.05233 -0.05358 0.05233 -0.05358 0 0 87.73894 0.03946
fb: 0.00000 -0.00139 -0.04057 0.04622
fb: 0.00000 -0.00913 -0.04057 0.04622
target: 0.00000 0.03662
dist/lin/ang/drive_left/drive_right/tv_l/tv_r/av_l/av_r/x/y/theta/t_err: 0.03872 0.00000 0.27998 0.00913 -0.00913 0.03064 -0.01917 0.03064 -0.01917 0 0 87.78162 0.03872
fb: 0.00000 -0.01603 -0.05860 0.06423
fb: 0.00000 -0.01944 -0.05860 0.06423
target: 0.00000 0.03915
dist/lin/ang/drive_left/drive_right/tv_l/tv_r/av_l/av_r/x/y/theta/t_err: 0.04043 0.00000 0.29926 0.01944 -0.01944 -0.04156 0.04603 -0.04156 0.04603 0 0 87.68332 0.04043
fb: 0.00000 -0.02104 -0.07660 0.08228
fb: 0.00000 -0.02118 -0.07660 0.08228
target: 0.00000 0.04352
dist/lin/ang/drive_left/drive_right/tv_l/tv_r/av_l/av_r/x/y/theta/t_err: 0.04350 0.00000 0.33269 0.02118 -0.02118 -0.05850 0.07050 -0.05850 0.07050 0 0 87.50790 0.04350
fb: 0.00000 -0.02048 -0.08786 0.09362
fb: 0.00000 -0.01644 -0.08786 0.09362
target: 0.00000 0.04800
dist/lin/ang/drive_left/drive_right/tv_l/tv_r/av_l/av_r/x/y/theta/t_err: 0.04675 0.00000 0.36693 0.01644 -0.01644 -0.07650 0.08453 -0.07650 0.08453 0 0 87.32154 0.04675
fb: 0.00000 -0.00307 -0.09134 0.09719
fb: 0.00000 0.01616 -0.09134 0.09719
target: 0.00000 0.05053
dist/lin/ang/drive_left/drive_right/tv_l/tv_r/av_l/av_r/x/y/theta/t_err: 0.04863 0.00000 0.38625 -0.01616 0.01616 -0.08231 0.08558 -0.08231 0.08558 0 0 87.21343 0.04863
fb: 0.00000 0.02836 -0.08425 0.09015
fb: 0.00000 0.03121 -0.08425 0.09015
final error was 2.62377
position: -0.14073 -0.32489 87.37623
took 0.96000 time to finish turn
increased to 135.00000
target: 0.00000 0.15697
dist/lin/ang/drive_left/drive_right/tv_l/tv_r/av_l/av_r/x/y/theta/t_err: 2.35620 0.00000 1.20000 0.00000 0.00000 0.00017 -0.00017 0.00017 -0.00017 0 0 -0.00039 2.35620
fb: 0.00000 0.00000 -0.85057 0.85860
fb: 0.00000 0.00000 -0.85057 0.85860
target: 0.00000 0.31394
dist/lin/ang/drive_left/drive_right/tv_l/tv_r/av_l/av_r/x/y/theta/t_err: 2.35620 0.00000 2.40000 0.00000 0.00000 -0.06828 0.08403 -0.06828 0.08403 0 0 -0.00051 2.35620
fb: 0.00000 0.00000 -0.95574 0.96691
fb: 0.00000 0.00000 -0.95574 0.96691
target: 0.00000 0.47092
dist/lin/ang/drive_left/drive_right/tv_l/tv_r/av_l/av_r/x/y/theta/t_err: 2.35620 0.00000 3.60000 0.00000 0.00000 -0.48047 0.45256 -0.48047 0.45256 0 0 -0.00003 2.35620
fb: 0.00000 0.02028 -1.00000 1.00000
fb: 0.00000 0.07002 -1.00000 1.00000
target: 0.00000 0.62789
dist/lin/ang/drive_left/drive_right/tv_l/tv_r/av_l/av_r/x/y/theta/t_err: 2.35531 0.00000 4.80000 -0.07002 0.07002 -0.54344 0.49089 -0.54344 0.49089 0 0 0.05052 2.35531
fb: 0.00000 0.12535 -1.00000 1.00000
fb: 0.00000 0.17391 -1.00000 1.00000
target: 0.00000 0.78486
dist/lin/ang/drive_left/drive_right/tv_l/tv_r/av_l/av_r/x/y/theta/t_err: 2.34242 0.00000 6.00000 -0.17391 0.17391 -0.45361 0.39011 -0.45361 0.39011 0 0 0.78917 2.34242
fb: 0.00000 0.20582 -1.00000 1.00000
fb: 0.00000 0.24428 -1.00000 1.00000
target: 0.00000 0.78486
dist/lin/ang/drive_left/drive_right/tv_l/tv_r/av_l/av_r/x/y/theta/t_err: 2.31492 0.00000 6.00000 -0.24428 0.24428 -0.61617 0.68786 -0.61617 0.68786 0 0 2.36508 2.31492
fb: 0.00000 0.28943 -0.56488 0.58547
fb: 0.00375 0.33855 -0.56488 0.58547
target: 0.00000 0.78486
dist/lin/ang/drive_left/drive_right/tv_l/tv_r/av_l/av_r/x/y/theta/t_err: 2.27589 0.00000 6.00000 -0.33480 0.34231 -0.67503 0.58314 -0.67503 0.58314 0 0 4.60095 2.27589
fb: 0.01147 0.38238 -0.56488 0.58547
fb: 0.01169 0.42523 -0.56488 0.58547
target: 0.00000 0.78486
dist/lin/ang/drive_left/drive_right/tv_l/tv_r/av_l/av_r/x/y/theta/t_err: 2.22271 0.00000 6.00000 -0.41354 0.43693 -0.24247 0.47244 -0.24247 0.47244 0 0 7.64818 2.22271
fb: 0.01169 0.44962 -0.56488 0.58547
fb: 0.01169 0.45965 -0.56488 0.58547
target: 0.00000 0.78486
dist/lin/ang/drive_left/drive_right/tv_l/tv_r/av_l/av_r/x/y/theta/t_err: 2.15714 0.00000 6.00000 -0.44796 0.47135 -0.48064 0.54311 -0.48064 0.54311 0 0 11.40523 2.15714
fb: 0.00772 0.48048 -0.56488 0.58547
fb: 0.00375 0.51574 -0.56488 0.58547
target: 0.00000 0.78486
dist/lin/ang/drive_left/drive_right/tv_l/tv_r/av_l/av_r/x/y/theta/t_err: 2.08613 0.00000 6.00000 -0.51199 0.51949 -0.53558 0.55386 -0.53558 0.55386 0 0 15.47335 2.08613
fb: 0.00971 0.55274 -0.56488 0.58547
fb: 0.01942 0.58458 -0.56488 0.58547
target: 0.00000 0.78486
dist/lin/ang/drive_left/drive_right/tv_l/tv_r/av_l/av_r/x/y/theta/t_err: 2.00610 0.00000 6.00000 -0.56516 0.60400 -0.54308 0.56036 -0.54308 0.56036 0 0 20.05915 2.00610
fb: 0.01942 0.61970 -0.56488 0.58547
fb: 0.01743 0.65042 -0.56488 0.58547
target: 0.00000 0.78486
dist/lin/ang/drive_left/drive_right/tv_l/tv_r/av_l/av_r/x/y/theta/t_err: 1.91554 0.00000 6.00000 -0.63299 0.66785 -0.54397 0.55933 -0.54397 0.55933 0 0 25.24750 1.91554
fb: 0.00772 0.67634 -0.56488 0.58547
fb: 0.00000 0.70359 -0.56488 0.58547
target: 0.00000 0.78486
dist/lin/ang/drive_left/drive_right/tv_l/tv_r/av_l/av_r/x/y/theta/t_err: 1.81545 0.00000 6.00000 -0.70359 0.70359 -0.54686 0.56294 -0.54686 0.56294 0 0 30.98222 1.81545
fb: 0.00000 0.72797 -0.56488 0.58547
fb: 0.00000 0.74609 -0.56488 0.58547
target: 0.00000 0.68589
dist/lin/ang/drive_left/drive_right/tv_l/tv_r/av_l/av_r/x/y/theta/t_err: 1.70727 0.00000 5.24341 -0.74609 0.74609 -0.54550 0.56517 -0.54550 0.56517 0 0 37.18062 1.70727
fb: 0.00000 0.76880 -0.05320 0.07182
fb: 0.00000 0.79180 -0.05320 0.07182
target: 0.00000 0.65976
dist/lin/ang/drive_left/drive_right/tv_l/tv_r/av_l/av_r/x/y/theta/t_err: 1.59255 0.00000 5.04367 -0.79180 0.79180 -0.49672 0.41800 -0.49672 0.41800 0 0 43.75354 1.59255
fb: 0.00000 0.80413 -0.36349 0.38158
fb: 0.00000 0.80726 -0.36349 0.38158
target: 0.00000 0.63116
dist/lin/ang/drive_left/drive_right/tv_l/tv_r/av_l/av_r/x/y/theta/t_err: 1.47154 0.00000 4.82501 -0.80726 0.80726 -0.15433 0.19969 -0.15433 0.19969 0 0 50.68712 1.47154
fb: 0.00000 0.79862 -0.33319 0.35070
fb: -0.00375 0.78295 -0.33319 0.35070
target: 0.00000 0.60092
dist/lin/ang/drive_left/drive_right/tv_l/tv_r/av_l/av_r/x/y/theta/t_err: 1.34878 0.00000 4.59380 -0.78670 0.77920 -0.32336 0.34103 -0.32336 0.34103 0 0 57.72067 1.34878
fb: -0.04655 0.75807 -0.30554 0.32245
fb: -0.07568 0.73668 -0.30554 0.32245
target: 0.00000 0.57042
dist/lin/ang/drive_left/drive_right/tv_l/tv_r/av_l/av_r/x/y/theta/t_err: 1.23043 0.00000 4.36071 -0.81236 0.66101 -0.33622 0.34033 -0.33622 0.34033 0 0 64.50138 1.23043
fb: -0.07744 0.72121 -0.28400 0.30030
fb: -0.08914 0.70651 -0.28400 0.30030
target: 0.00000 0.54023
dist/lin/ang/drive_left/drive_right/tv_l/tv_r/av_l/av_r/x/y/theta/t_err: 1.11859 0.00000 4.12988 -0.79565 0.61738 -0.31228 0.32133 -0.31228 0.32133 0 0 70.90964 1.11859
fb: -0.08340 0.69488 -0.26510 0.28080
fb: -0.09708 0.68589 -0.26510 0.28080
target: 0.00000 0.50978
dist/lin/ang/drive_left/drive_right/tv_l/tv_r/av_l/av_r/x/y/theta/t_err: 1.01118 0.00000 3.89707 -0.78297 0.58881 -0.28986 0.29617 -0.28986 0.29617 0 0 77.06354 1.01118
fb: -0.10282 0.67808 -0.24353 0.25862
fb: -0.09487 0.66401 -0.24353 0.25862
target: 0.00000 0.47857
dist/lin/ang/drive_left/drive_right/tv_l/tv_r/av_l/av_r/x/y/theta/t_err: 0.90675 0.00000 3.65852 -0.75888 0.56914 -0.27258 0.27908 -0.27258 0.27908 0 0 83.04714 0.90675
fb: -0.11054 0.64973 -0.21924 0.23371
fb: -0.10282 0.63691 -0.21924 0.23371
target: 0.00000 0.44668
dist/lin/ang/drive_left/drive_right/tv_l/tv_r/av_l/av_r/x/y/theta/t_err: 0.80590 0.00000 3.41472 -0.73972 0.53409 -0.25033 0.24811 -0.25033 0.24811 0 0 88.82533 0.80590
fb: -0.09112 0.62088 -0.19479 0.20862
fb: -0.09112 0.60200 -0.19479 0.20862
target: 0.00000 0.41420
dist/lin/ang/drive_left/drive_right/tv_l/tv_r/av_l/av_r/x/y/theta/t_err: 0.70929 0.00000 3.16641 -0.69312 0.51087 -0.22192 0.23253 -0.22192 0.23253 0 0 94.36050 0.70929
fb: -0.08737 0.58869 -0.17037 0.18355
fb: -0.09112 0.57406 -0.17037 0.18355
target: 0.00000 0.38131
dist/lin/ang/drive_left/drive_right/tv_l/tv_r/av_l/av_r/x/y/theta/t_err: 0.61775 0.00000 2.91497 -0.66518 0.48293 -0.20397 0.20531 -0.20397 0.20531 0 0 99.60551 0.61775
fb: -0.09885 0.55274 -0.14649 0.15901
fb: -0.09708 0.53023 -0.14649 0.15901
target: 0.00000 0.34777
dist/lin/ang/drive_left/drive_right/tv_l/tv_r/av_l/av_r/x/y/theta/t_err: 0.53091 0.00000 2.65856 -0.62732 0.43315 -0.17917 0.18019 -0.17917 0.18019 0 0 104.58106 0.53091
fb: -0.08914 0.51044 -0.12109 0.13294
fb: -0.07943 0.49107 -0.12109 0.13294
target: 0.00000 0.31422
dist/lin/ang/drive_left/drive_right/tv_l/tv_r/av_l/av_r/x/y/theta/t_err: 0.45064 0.00000 2.40214 -0.57051 0.41164 -0.15503 0.15367 -0.15503 0.15367 0 0 109.18015 0.45064
fb: -0.06972 0.46927 -0.09861 0.10979
fb: -0.06024 0.44711 -0.09861 0.10979
target: 0.00000 0.28044
dist/lin/ang/drive_left/drive_right/tv_l/tv_r/av_l/av_r/x/y/theta/t_err: 0.37643 0.00000 2.14384 -0.50735 0.38687 -0.13519 0.13228 -0.13519 0.13228 0 0 113.43201 0.37643
fb: -0.05251 0.42446 -0.07487 0.08537
fb: -0.05229 0.40293 -0.07487 0.08537
target: 0.00000 0.24668
dist/lin/ang/drive_left/drive_right/tv_l/tv_r/av_l/av_r/x/y/theta/t_err: 0.30896 0.00000 1.88581 -0.45523 0.35064 -0.11106 0.10797 -0.11106 0.10797 0 0 117.29774 0.30896
fb: -0.04259 0.38461 -0.05241 0.06224
fb: -0.03486 0.36726 -0.05241 0.06224
target: 0.00000 0.21287
dist/lin/ang/drive_left/drive_right/tv_l/tv_r/av_l/av_r/x/y/theta/t_err: 0.24804 0.00000 1.62730 -0.40212 0.33240 -0.09069 0.09017 -0.09069 0.09017 0 0 120.78816 0.24804
fb: -0.03685 0.34880 0.04857 -0.04921
fb: -0.04082 0.32525 0.04857 -0.04921
target: 0.00000 0.17823
dist/lin/ang/drive_left/drive_right/tv_l/tv_r/av_l/av_r/x/y/theta/t_err: 0.19256 0.00000 1.36247 -0.36607 0.28443 -0.04775 0.06347 -0.04775 0.06347 0 0 123.96684 0.19256
fb: -0.04082 0.29717 0.07550 -0.07683
fb: -0.04656 0.26783 0.07550 -0.07683
target: 0.00000 0.14344
dist/lin/ang/drive_left/drive_right/tv_l/tv_r/av_l/av_r/x/y/theta/t_err: 0.14391 0.00000 1.09655 -0.31439 0.22128 0.03594 -0.03164 0.03594 -0.03164 0 0 126.75428 0.14391
fb: -0.04656 0.23474 0.09945 -0.10147
fb: -0.03089 0.19516 0.09945 -0.10147
target: 0.00000 0.11045
dist/lin/ang/drive_left/drive_right/tv_l/tv_r/av_l/av_r/x/y/theta/t_err: 0.10430 0.00000 0.84432 -0.22605 0.16427 0.07067 -0.06758 0.07067 -0.06758 0 0 129.02390 0.10430
fb: -0.02515 0.15029 0.11350 -0.11619
fb: -0.03508 0.10235 0.11350 -0.11619
target: 0.00000 0.08305
dist/lin/ang/drive_left/drive_right/tv_l/tv_r/av_l/av_r/x/y/theta/t_err: 0.07624 0.00000 0.63487 -0.13744 0.06727 0.09033 -0.09461 0.09033 -0.09461 0 0 130.63149 0.07624
fb: -0.03288 0.05546 0.10667 -0.10991
fb: -0.02317 0.01129 0.10667 -0.10991
target: 0.00000 0.06750
dist/lin/ang/drive_left/drive_right/tv_l/tv_r/av_l/av_r/x/y/theta/t_err: 0.06227 0.00000 0.51600 -0.03446 -0.01188 0.10267 -0.10333 0.10267 -0.10333 0 0 131.43206 0.06227
fb: -0.01942 -0.02320 0.06377 -0.06732
fb: -0.01545 -0.04369 0.06377 -0.06732
target: 0.00000 0.06689
dist/lin/ang/drive_left/drive_right/tv_l/tv_r/av_l/av_r/x/y/theta/t_err: 0.06176 0.00000 0.51138 0.02824 -0.05913 0.08781 -0.09328 0.08781 -0.09328 0 0 131.46150 0.06176
fb: -0.01567 -0.05553 -0.08113 0.08736
fb: -0.01942 -0.06062 -0.08113 0.08736
target: 0.00000 0.07500
dist/lin/ang/drive_left/drive_right/tv_l/tv_r/av_l/av_r/x/y/theta/t_err: 0.06884 0.00000 0.57338 0.04120 -0.08004 0.02533 -0.04619 0.02533 -0.04619 0 0 131.05567 0.06884
fb: -0.02118 -0.05971 -0.12577 0.13217
fb: -0.02538 -0.05609 -0.12577 0.13217
target: 0.00000 0.08496
dist/lin/ang/drive_left/drive_right/tv_l/tv_r/av_l/av_r/x/y/theta/t_err: 0.07806 0.00000 0.64952 0.03071 -0.08146 -0.08058 0.07564 -0.08058 0.07564 0 0 130.52724 0.07806
fb: -0.02339 -0.05058 -0.14076 0.14736
fb: -0.01545 -0.04327 -0.14076 0.14736
target: 0.00000 0.09353
dist/lin/ang/drive_left/drive_right/tv_l/tv_r/av_l/av_r/x/y/theta/t_err: 0.08647 0.00000 0.71503 0.02782 -0.05871 -0.11772 0.11550 -0.11772 0.11550 0 0 130.04589 0.08647
fb: -0.00772 -0.03177 -0.14026 0.14702
fb: -0.00375 -0.01554 -0.14026 0.14702
target: 0.00000 0.09953
dist/lin/ang/drive_left/drive_right/tv_l/tv_r/av_l/av_r/x/y/theta/t_err: 0.09260 0.00000 0.76088 0.01179 -0.01929 -0.13139 0.12558 -0.13139 0.12558 0 0 129.69445 0.09260
fb: -0.00375 0.00906 -0.13269 0.13958
fb: -0.00397 0.03407 -0.13269 0.13958
target: 0.00000 0.10078
dist/lin/ang/drive_left/drive_right/tv_l/tv_r/av_l/av_r/x/y/theta/t_err: 0.09391 0.00000 0.77045 -0.03804 0.03010 -0.12711 0.12508 -0.12711 0.12508 0 0 129.61958 0.09391
fb: -0.00794 0.05135 -0.11218 0.11909
fb: -0.00772 0.05895 -0.11218 0.11909
target: 0.00000 0.09518
dist/lin/ang/drive_left/drive_right/tv_l/tv_r/av_l/av_r/x/y/theta/t_err: 0.08813 0.00000 0.72761 -0.06667 0.05122 -0.12133 0.12044 -0.12133 0.12044 0 0 129.95068 0.08813
fb: -0.00772 0.06368 -0.07758 0.08437
fb: -0.00397 0.07079 -0.07758 0.08437
target: 0.00000 0.08591
dist/lin/ang/drive_left/drive_right/tv_l/tv_r/av_l/av_r/x/y/theta/t_err: 0.07897 0.00000 0.65678 -0.07476 0.06682 -0.10506 0.10833 -0.10506 0.10833 0 0 130.47508 0.07897
fb: 0.00000 0.07379 -0.05489 0.06150
fb: 0.00000 0.07476 -0.05489 0.06150
target: 0.00000 0.07412
dist/lin/ang/drive_left/drive_right/tv_l/tv_r/av_l/av_r/x/y/theta/t_err: 0.06805 0.00000 0.56663 -0.07476 0.07476 -0.07069 0.08108 -0.07069 0.08108 0 0 131.10092 0.06805
fb: 0.00000 0.07051 0.04242 -0.04584
fb: 0.00000 0.06466 0.04242 -0.04584
target: 0.00000 0.06095
dist/lin/ang/drive_left/drive_right/tv_l/tv_r/av_l/av_r/x/y/theta/t_err: 0.05682 0.00000 0.46598 -0.06466 0.06466 -0.04278 0.06417 -0.04278 0.06417 0 0 131.74471 0.05682
fb: 0.00000 0.05867 0.05743 -0.06111
fb: 0.00000 0.05031 0.05743 -0.06111
target: 0.00000 0.04855
dist/lin/ang/drive_left/drive_right/tv_l/tv_r/av_l/av_r/x/y/theta/t_err: 0.04715 0.00000 0.37113 -0.05031 0.05031 0.03936 -0.03578 0.03936 -0.03578 0 0 132.29825 0.04715
fb: 0.00397 0.04041 0.06233 -0.06625
fb: -0.00000 0.03080 0.06233 -0.06625
target: 0.00000 0.03830
dist/lin/ang/drive_left/drive_right/tv_l/tv_r/av_l/av_r/x/y/theta/t_err: 0.03985 0.00000 0.29275 -0.03080 0.03080 0.05269 -0.06400 0.05269 -0.06400 0 0 132.71674 0.03985
fb: -0.00397 0.02132 0.05950 -0.06363
fb: 0.00000 0.01205 0.05950 -0.06363
target: 0.00000 0.03172
dist/lin/ang/drive_left/drive_right/tv_l/tv_r/av_l/av_r/x/y/theta/t_err: 0.03549 0.00000 0.24253 -0.01205 0.01205 0.06278 -0.06572 0.06278 -0.06572 0 0 132.96643 0.03549
fb: 0.00000 0.00230 0.04733 -0.05159
fb: -0.01147 -0.00892 0.04733 -0.05159
target: 0.00000 0.02943
dist/lin/ang/drive_left/drive_right/tv_l/tv_r/av_l/av_r/x/y/theta/t_err: 0.03403 0.00000 0.22501 -0.00256 -0.02039 0.05422 -0.06108 0.05422 -0.06108 0 0 133.05010 0.03403
fb: -0.01545 -0.01812 -0.04843 0.05392
fb: -0.01169 -0.02390 -0.04843 0.05392
final error was 2.04862
position: 0.22039 -0.89155 132.95138
took 0.98000 time to finish turn


