
[tomas@nixbtw:~/projects/Robotics/current/Cognex]$ t
Not sending analytics for this command.

Established terminal connection



         _+=+_
      .-`  .  `-.          8888888b.  8888888b.   .d88888b.   .d8888b.
   _+`     "     `+_       888   Y88b 888   Y88b d88P" "Y88b d88P  Y88b
  \\\sssssssssssss///      888    888 888    888 888     888 Y88b.
     .ss\  *  /ss.         888   d88P 888   d88P 888     888  "Y888b.
 .+bm  .s  *  s.  md+.     8888888P"  8888888P"  888     888     "Y88b.
.hMMMMs .  *  . sMMMMh.    888        888 T88b   888     888       "888
 `\hMMMb \ | / dMMMh:      888        888  T88b  Y88b. .d88P Y88b  d88P
   -SNMNo  -  oNMNs-       888        888   T88b  "Y88888P"   "Y8888P"
     `+dMh\./dMd/
        `:yNy:`                      Powered by PROS for VEX V5
           "                Copyright (c) Purdue University ACM SIGBots
Version:        4.2.1     Platform:  V1.1.5 (b18)     Uptime:    0.000 s
Compiled:   Jan  1 1980 00:00:00     Directory:


bouncing done
health done
auton done
calibrated!
starting task: 2318279
initializing odom model
timed correctly: 2321153
initializing pf model
initializing smoother model
target: 0.000 0.157
dist/lin/ang/drive_left/drive_right/tv_l/tv_r/av_l/av_r/x/y/theta/t_err: 1.57080 0.00000 1.20000 0.00000 0.00000 -0.00017 -0.00017 -0.00017 -0.00017 0 0 -0.00014 1.57080
fb: 0.00000 0.00000 -0.85057 0.85860
fb: 0.00000 0.00000 -0.85057 0.85860
target: 0.00000 0.31394
dist/lin/ang/drive_left/drive_right/tv_l/tv_r/av_l/av_r/x/y/theta/t_err: 1.57080 0.00000 2.40000 0.00000 0.00000 -0.03011 0.02858 -0.03011 0.02858 0 0 -0.00033 1.57080
fb: 0.00000 0.00000 -0.95574 0.96691
fb: 0.00000 0.01394 -0.95574 0.96691
target: 0.00000 0.47092
dist/lin/ang/drive_left/drive_right/tv_l/tv_r/av_l/av_r/x/y/theta/t_err: 1.57080 0.00000 3.60000 -0.01394 0.01394 -0.45325 0.44147 -0.45325 0.44147 0 0 -0.00005 1.57080
fb: 0.00000 0.05226 -1.00000 1.00000
fb: -0.00397 0.09971 -1.00000 1.00000
target: 0.00000 0.62789
dist/lin/ang/drive_left/drive_right/tv_l/tv_r/av_l/av_r/x/y/theta/t_err: 1.56711 0.00000 4.80000 -0.10368 0.09573 -0.48819 0.39614 -0.48819 0.39614 0 0 0.21099 1.56711
fb: -0.00397 0.13921 -1.00000 1.00000
fb: 0.00000 0.17022 -1.00000 1.00000
target: 0.00000 0.78486
dist/lin/ang/drive_left/drive_right/tv_l/tv_r/av_l/av_r/x/y/theta/t_err: 1.55058 0.00000 6.00000 -0.17022 0.17022 -0.31897 0.52772 -0.31897 0.52772 0 0 1.15853 1.55058
fb: 0.00000 0.20366 -1.00000 1.00000
fb: 0.00000 0.24352 -1.00000 1.00000
target: 0.00000 0.78486
dist/lin/ang/drive_left/drive_right/tv_l/tv_r/av_l/av_r/x/y/theta/t_err: 1.52327 0.00000 6.00000 -0.24352 0.24352 -0.64353 0.69689 -0.64353 0.69689 0 0 2.72292 1.52327
fb: 0.00000 0.28511 -0.56488 0.58547
fb: 0.00000 0.32984 -0.56488 0.58547
target: 0.00000 0.78486
dist/lin/ang/drive_left/drive_right/tv_l/tv_r/av_l/av_r/x/y/theta/t_err: 1.48459 0.00000 6.00000 -0.32984 0.32984 -0.62933 0.71456 -0.62933 0.71456 0 0 4.93947 1.48459
fb: 0.00000 0.37555 -0.56488 0.58547
fb: 0.00000 0.41443 -0.56488 0.58547
target: 0.00000 0.78486
dist/lin/ang/drive_left/drive_right/tv_l/tv_r/av_l/av_r/x/y/theta/t_err: 1.43255 0.00000 6.00000 -0.41443 0.41443 -0.43378 0.41836 -0.43378 0.41836 0 0 7.92106 1.43255
fb: 0.01169 0.44160 -0.56488 0.58547
fb: 0.02339 0.47157 -0.56488 0.58547
target: 0.00000 0.78486
dist/lin/ang/drive_left/drive_right/tv_l/tv_r/av_l/av_r/x/y/theta/t_err: 1.36849 0.00000 6.00000 -0.44818 0.49495 -0.52906 0.53725 -0.52906 0.53725 0 0 11.59136 1.36849
fb: 0.01545 0.50285 -0.56488 0.58547
fb: 0.00375 0.53246 -0.56488 0.58547
target: 0.00000 0.78486
dist/lin/ang/drive_left/drive_right/tv_l/tv_r/av_l/av_r/x/y/theta/t_err: 1.29537 0.00000 6.00000 -0.52871 0.53621 -0.54278 0.55903 -0.54278 0.55903 0 0 15.78055 1.29537
fb: 0.00000 0.56326 -0.56488 0.58547
fb: 0.00397 0.59454 -0.56488 0.58547
target: 0.00000 0.78486
dist/lin/ang/drive_left/drive_right/tv_l/tv_r/av_l/av_r/x/y/theta/t_err: 1.21303 0.00000 6.00000 -0.59057 0.59851 -0.54892 0.56192 -0.54892 0.56192 0 0 20.49853 1.21303
fb: 0.00397 0.62248 -0.56488 0.58547
fb: 0.00000 0.65203 -0.56488 0.58547
target: 0.00000 0.78486
dist/lin/ang/drive_left/drive_right/tv_l/tv_r/av_l/av_r/x/y/theta/t_err: 1.12135 0.00000 6.00000 -0.65203 0.65203 -0.54497 0.56175 -0.54497 0.56175 0 0 25.75131 1.12135
fb: 0.00000 0.67788 -0.56488 0.58547
fb: 0.00000 0.69996 -0.56488 0.58547
target: 0.00000 0.78486
dist/lin/ang/drive_left/drive_right/tv_l/tv_r/av_l/av_r/x/y/theta/t_err: 1.02098 0.00000 6.00000 -0.69996 0.69996 -0.54258 0.56142 -0.54258 0.56142 0 0 31.50202 1.02098
fb: 0.00000 0.71613 -0.56488 0.58547
fb: 0.00000 0.73201 -0.56488 0.58547
target: 0.00000 0.78486
dist/lin/ang/drive_left/drive_right/tv_l/tv_r/av_l/av_r/x/y/theta/t_err: 0.91359 0.00000 6.00000 -0.73201 0.73201 -0.54553 0.56397 -0.54553 0.56397 0 0 37.65493 0.91359
fb: 0.00000 0.13566 -0.56488 0.58547
fb: 0.00000 0.26951 -0.56488 0.58547
target: 0.00000 0.78486
dist/lin/ang/drive_left/drive_right/tv_l/tv_r/av_l/av_r/x/y/theta/t_err: 0.84695 0.00000 6.00000 -0.26951 0.26951 -0.54617 0.56417 -0.54617 0.56417 0 0 41.47350 0.84695
fb: 0.00199 0.72170 -0.56488 0.58547
fb: 0.00199 0.77751 -0.56488 0.58547
target: 0.00000 0.78486
dist/lin/ang/drive_left/drive_right/tv_l/tv_r/av_l/av_r/x/y/theta/t_err: 0.78947 0.00000 6.00000 -0.77553 0.77950 -0.54500 0.56344 -0.54500 0.56344 0 0 44.76673 0.78947
fb: 0.00000 0.80106 -0.56488 0.58547
fb: 0.00000 0.82071 -0.56488 0.58547
target: 0.00000 0.78486
dist/lin/ang/drive_left/drive_right/tv_l/tv_r/av_l/av_r/x/y/theta/t_err: 0.67015 0.00000 6.00000 -0.82071 0.82071 -0.54756 0.56244 -0.54756 0.56244 0 0 51.60323 0.67015
fb: 0.00000 0.83904 -0.56488 0.58547
fb: -0.00199 0.85283 -0.56488 0.58547
target: 0.00000 0.51192
dist/lin/ang/drive_left/drive_right/tv_l/tv_r/av_l/av_r/x/y/theta/t_err: 0.54407 0.00000 3.91350 -0.85482 0.85085 -0.54839 0.56331 -0.54839 0.56331 0 0 58.82720 0.54407
fb: -0.00199 0.86802 0.92424 -0.91890
fb: 0.00000 0.88237 0.92424 -0.91890
target: 0.00000 0.41592
dist/lin/ang/drive_left/drive_right/tv_l/tv_r/av_l/av_r/x/y/theta/t_err: 0.41326 0.00000 3.17954 -0.88237 0.88237 -0.35608 0.46233 -0.35608 0.46233 0 0 66.32170 0.41326
fb: 0.00000 0.89004 0.19240 -0.18897
fb: 0.00000 0.87910 0.19240 -0.18897
target: 0.00000 0.29898
dist/lin/ang/drive_left/drive_right/tv_l/tv_r/av_l/av_r/x/y/theta/t_err: 0.27821 0.00000 2.28564 -0.87910 0.87910 0.09017 -0.06178 0.09017 -0.06178 0 0 74.05989 0.27821
fb: -0.05229 0.83862 0.36490 -0.36381
fb: -0.10281 0.78141 0.36490 -0.36381
target: 0.00000 0.15139
dist/lin/ang/drive_left/drive_right/tv_l/tv_r/av_l/av_r/x/y/theta/t_err: 0.14577 0.00000 1.15735 -0.88422 0.67860 0.21817 -0.17419 0.21817 -0.17419 0 0 81.64827 0.14577
fb: -0.10855 0.72184 0.60175 -0.60362
fb: -0.12024 0.66220 0.60175 -0.60362
target: 0.00000 0.00000
dist/lin/ang/drive_left/drive_right/tv_l/tv_r/av_l/av_r/x/y/theta/t_err: 0.02855 0.00000 0.00000 -0.78244 0.54195 0.35317 -0.29911 0.35317 -0.29911 0 0 88.36444 0.02855
fb: -0.12422 0.59907 0.72029 -0.72518
fb: -0.13569 0.53323 0.72029 -0.72518
target: 0.00000 -0.03327
dist/lin/ang/drive_left/drive_right/tv_l/tv_r/av_l/av_r/x/y/theta/t_err: -0.07034 0.00000 -0.25435 -0.66892 0.39753 0.47533 -0.37250 0.47533 -0.37250 0 0 94.03014 -0.07034
fb: -0.13371 0.46585 0.21104 -0.21660
fb: -0.12224 0.39694 0.21104 -0.21660
target: 0.00000 -0.15608
dist/lin/ang/drive_left/drive_right/tv_l/tv_r/av_l/av_r/x/y/theta/t_err: -0.14932 0.00000 -1.19319 -0.51918 0.27470 0.46644 -0.30233 0.46644 -0.30233 0 0 98.55539 -0.14932
fb: -0.12026 0.32615 0.69624 -0.70426
fb: -0.11827 0.25439 0.69624 -0.70426
target: 0.00000 -0.22594
dist/lin/ang/drive_left/drive_right/tv_l/tv_r/av_l/av_r/x/y/theta/t_err: -0.20736 0.00000 -1.72725 -0.37266 0.13612 0.26489 -0.26644 0.26489 -0.26644 0 0 101.88073 -0.20736
fb: -0.13769 0.18624 0.50477 -0.51419
fb: -0.15909 0.12235 0.50477 -0.51419
target: 0.00000 -0.26485
dist/lin/ang/drive_left/drive_right/tv_l/tv_r/av_l/av_r/x/y/theta/t_err: -0.24380 0.00000 -2.02466 -0.28144 -0.03674 0.49108 -0.39678 0.49108 -0.39678 0 0 103.96872 -0.24380
fb: -0.17653 0.06501 0.39154 -0.40173
fb: -0.18028 0.01610 0.48168 -0.31159
target: 0.00000 -0.28162
dist/lin/ang/drive_left/drive_right/tv_l/tv_r/av_l/av_r/x/y/theta/t_err: -0.26042 0.00000 -2.15289 -0.19637 -0.16418 0.34753 -0.29636 0.34753 -0.29636 0 0 104.92111 -0.26042
fb: -0.14365 -0.02815 0.30319 -0.31372
fb: -0.11254 -0.07211 0.30319 -0.31372
target: 0.00000 -0.28242
dist/lin/ang/drive_left/drive_right/tv_l/tv_r/av_l/av_r/x/y/theta/t_err: -0.26123 0.00000 -2.15904 -0.04042 -0.18465 0.40997 -0.30358 0.40997 -0.30358 0 0 104.96753 -0.26123
fb: -0.10084 -0.11510 0.23186 -0.24241
fb: -0.08517 -0.15015 0.23186 -0.24241
target: 0.00000 -0.26972
dist/lin/ang/drive_left/drive_right/tv_l/tv_r/av_l/av_r/x/y/theta/t_err: -0.24857 0.00000 -2.06191 0.06498 -0.23533 0.30389 -0.28422 0.30389 -0.28422 0 0 104.24218 -0.24857
fb: -0.07547 -0.17928 0.16256 -0.17285
fb: -0.07767 -0.19669 0.16256 -0.17285
target: 0.00000 -0.24469
dist/lin/ang/drive_left/drive_right/tv_l/tv_r/av_l/av_r/x/y/theta/t_err: -0.22455 0.00000 -1.87054 0.11902 -0.27437 0.22208 -0.22006 0.22208 -0.22006 0 0 102.86566 -0.22455
fb: -0.08341 -0.20450 0.09031 -0.10010
fb: -0.09510 -0.20526 0.09031 -0.10010
target: 0.00000 -0.21114
dist/lin/ang/drive_left/drive_right/tv_l/tv_r/av_l/av_r/x/y/theta/t_err: -0.19427 0.00000 -1.61412 0.11016 -0.30037 0.15228 -0.15450 0.15228 -0.15450 0 0 101.13086 -0.19427
fb: -0.09312 -0.20290 -0.04850 0.04917
fb: -0.07370 -0.19788 -0.04850 0.04917
target: 0.00000 -0.17370
dist/lin/ang/drive_left/drive_right/tv_l/tv_r/av_l/av_r/x/y/theta/t_err: -0.16306 0.00000 -1.32790 0.12418 -0.27158 0.06761 -0.07769 0.06761 -0.07769 0 0 99.34279 -0.16306
fb: -0.06796 -0.19098 -0.09112 0.09254
fb: -0.05803 -0.18367 -0.09112 0.09254
target: 0.00000 -0.13417
dist/lin/ang/drive_left/drive_right/tv_l/tv_r/av_l/av_r/x/y/theta/t_err: -0.13307 0.00000 -1.02565 0.12563 -0.24170 -0.04347 0.04072 -0.04347 0.04072 0 0 97.62446 -0.13307
fb: -0.04457 -0.17468 -0.12705 0.12926
fb: -0.04082 -0.15552 -0.12705 0.12926
target: 0.00000 -0.09336
dist/lin/ang/drive_left/drive_right/tv_l/tv_r/av_l/av_r/x/y/theta/t_err: -0.10531 0.00000 -0.71370 0.11469 -0.19634 -0.09239 0.08744 -0.09239 0.08744 0 0 96.03389 -0.10531
fb: -0.02714 -0.12507 -0.16010 0.16313
fb: -0.01545 -0.08103 -0.16010 0.16313
target: 0.00000 -0.05615
dist/lin/ang/drive_left/drive_right/tv_l/tv_r/av_l/av_r/x/y/theta/t_err: -0.08282 0.00000 -0.42922 0.06559 -0.09648 -0.11653 0.11308 -0.11653 0.11308 0 0 94.74544 -0.08282
fb: -0.01942 -0.02926 -0.16886 0.17263
fb: -0.01942 0.01059 -0.16886 0.17263
target: 0.00000 -0.03735
dist/lin/ang/drive_left/drive_right/tv_l/tv_r/av_l/av_r/x/y/theta/t_err: -0.07249 0.00000 -0.28553 -0.03001 -0.00883 -0.14319 0.14353 -0.14319 0.14353 0 0 94.15340 -0.07249
fb: -0.01169 0.04229 -0.09858 0.10273
fb: -0.00397 0.06145 -0.09858 0.10273
target: 0.00000 -0.04251
dist/lin/ang/drive_left/drive_right/tv_l/tv_r/av_l/av_r/x/y/theta/t_err: -0.07526 0.00000 -0.32499 -0.06543 0.05748 -0.13825 0.14083 -0.13825 0.14083 0 0 94.31206 -0.07526
fb: 0.00000 0.07295 0.09073 -0.09648
fb: 0.00000 0.07650 0.09073 -0.09648
target: 0.00000 -0.06005
dist/lin/ang/drive_left/drive_right/tv_l/tv_r/av_l/av_r/x/y/theta/t_err: -0.08506 0.00000 -0.45906 -0.07650 0.07650 -0.06778 0.04742 -0.06778 0.04742 0 0 94.87336 -0.08506
fb: 0.00000 0.07553 0.15818 -0.16427
fb: 0.00000 0.07114 0.15818 -0.16427
target: 0.00000 -0.07955
dist/lin/ang/drive_left/drive_right/tv_l/tv_r/av_l/av_r/x/y/theta/t_err: -0.09665 0.00000 -0.60817 -0.07114 0.07114 0.08472 -0.09392 0.08472 -0.09392 0 0 95.53791 -0.09665
fb: 0.00000 0.06459 0.18010 -0.18658
fb: 0.00000 0.05379 0.18010 -0.18658
target: 0.00000 -0.09638
dist/lin/ang/drive_left/drive_right/tv_l/tv_r/av_l/av_r/x/y/theta/t_err: -0.10726 0.00000 -0.73682 -0.05379 0.05379 0.14117 -0.14953 0.14117 -0.14953 0 0 96.14541 -0.10726
fb: 0.00000 0.03414 0.17933 -0.18615
fb: -0.00375 0.00118 0.17933 -0.18615
target: 0.00000 -0.10763
dist/lin/ang/drive_left/drive_right/tv_l/tv_r/av_l/av_r/x/y/theta/t_err: -0.11465 0.00000 -0.82280 -0.00494 -0.00257 0.16444 -0.16478 0.16444 -0.16478 0 0 96.56905 -0.11465
fb: -0.00772 -0.03546 0.16175 -0.16880
fb: -0.00397 -0.06124 0.16175 -0.16880
target: 0.00000 -0.10576
dist/lin/ang/drive_left/drive_right/tv_l/tv_r/av_l/av_r/x/y/theta/t_err: -0.11341 0.00000 -0.80853 0.05727 -0.06522 0.15364 -0.16103 0.15364 -0.16103 0 0 96.49775 -0.11341
fb: -0.00375 -0.07839 0.10148 -0.10849
fb: -0.00772 -0.08821 0.10148 -0.10849
target: 0.00000 -0.09048
dist/lin/ang/drive_left/drive_right/tv_l/tv_r/av_l/av_r/x/y/theta/t_err: -0.10348 0.00000 -0.69169 0.08049 -0.09593 0.13775 -0.13772 0.13775 -0.13772 0 0 95.92869 -0.10348
fb: -0.00772 -0.09511 -0.04718 0.05026
fb: -0.01545 -0.09671 -0.04718 0.05026
target: 0.00000 -0.06797
dist/lin/ang/drive_left/drive_right/tv_l/tv_r/av_l/av_r/x/y/theta/t_err: -0.08968 0.00000 -0.51964 0.08126 -0.11216 0.06758 -0.04739 0.06758 -0.04739 0 0 95.13822 -0.08968
fb: -0.01942 -0.09406 -0.09476 0.09829
fb: -0.01567 -0.08549 -0.09476 0.09829
target: 0.00000 -0.04198
dist/lin/ang/drive_left/drive_right/tv_l/tv_r/av_l/av_r/x/y/theta/t_err: -0.07497 0.00000 -0.32089 0.06983 -0.10116 -0.04756 0.05989 -0.04756 0.05989 0 0 94.29542 -0.07497
fb: -0.01567 -0.07574 -0.12790 0.13195
fb: -0.01545 -0.06577 -0.12790 0.13195
target: 0.00000 -0.01735
dist/lin/ang/drive_left/drive_right/tv_l/tv_r/av_l/av_r/x/y/theta/t_err: -0.06225 0.00000 -0.13264 0.05033 -0.08122 -0.09411 0.10028 -0.09411 0.10028 0 0 93.56674 -0.06225
fb: -0.01147 -0.05121 -0.13821 0.14276
fb: -0.00375 -0.03087 -0.13821 0.14276
target: 0.00000 0.00000
dist/lin/ang/drive_left/drive_right/tv_l/tv_r/av_l/av_r/x/y/theta/t_err: -0.05279 0.00000 0.00000 0.02712 -0.03462 -0.11364 0.11806 -0.11364 0.11806 0 0 93.02483 -0.05279
fb: 0.00000 -0.00432 -0.11710 0.12199
fb: 0.00000 0.02271 -0.11710 0.12199
target: 0.00000 0.00000
dist/lin/ang/drive_left/drive_right/tv_l/tv_r/av_l/av_r/x/y/theta/t_err: -0.04919 0.00000 0.00000 -0.02271 0.02271 -0.11583 0.11769 -0.11583 0.11769 0 0 92.81811 -0.04919
fb: 0.00000 0.04362 0.00000 0.00000
fb: 0.00000 0.05302 0.00000 0.00000
target: 0.00000 0.00000
dist/lin/ang/drive_left/drive_right/tv_l/tv_r/av_l/av_r/x/y/theta/t_err: -0.05338 0.00000 0.00000 -0.05302 0.05302 -0.09600 0.06639 -0.09600 0.06639 0 0 93.05850 -0.05338
fb: 0.00000 0.05672 0.00000 0.00000
fb: 0.00000 0.05525 0.00000 0.00000
target: 0.00000 -0.01599
dist/lin/ang/drive_left/drive_right/tv_l/tv_r/av_l/av_r/x/y/theta/t_err: -0.06158 0.00000 -0.12222 -0.05525 0.05525 -0.00414 -0.00136 -0.00414 -0.00136 0 0 93.52839 -0.06158
fb: 0.00000 0.05121 0.12168 -0.12689
fb: 0.00000 0.04654 0.12168 -0.12689
target: 0.00000 -0.03235
dist/lin/ang/drive_left/drive_right/tv_l/tv_r/av_l/av_r/x/y/theta/t_err: -0.06986 0.00000 -0.24733 -0.04654 0.04654 0.01350 -0.03969 0.01350 -0.03969 0 0 94.00265 -0.06986
fb: 0.00000 0.04139 0.13435 -0.13989
fb: 0.00000 0.03616 0.13435 -0.13989
target: 0.00000 -0.04527
dist/lin/ang/drive_left/drive_right/tv_l/tv_r/av_l/av_r/x/y/theta/t_err: -0.07676 0.00000 -0.34611 -0.03616 0.03616 0.10403 -0.11106 0.10403 -0.11106 0 0 94.39819 -0.07676
fb: 0.00000 0.02850 0.12750 -0.13330
fb: 0.00000 0.01561 0.12750 -0.13330
target: 0.00000 -0.05463
dist/lin/ang/drive_left/drive_right/tv_l/tv_r/av_l/av_r/x/y/theta/t_err: -0.08197 0.00000 -0.41765 -0.01561 0.01561 0.11961 -0.11806 0.11961 -0.11806 0 0 94.69631 -0.08197
fb: 0.00000 -0.00293 0.11774 -0.12373
fb: -0.01169 -0.02683 0.11774 -0.12373
target: 0.00000 -0.05747
dist/lin/ang/drive_left/drive_right/tv_l/tv_r/av_l/av_r/x/y/theta/t_err: -0.08358 0.00000 -0.43933 0.01513 -0.03852 0.10847 -0.11464 0.10847 -0.11464 0 0 94.78858 -0.08358
fb: -0.01567 -0.04543 0.09029 -0.09633
fb: -0.01169 -0.05602 0.09029 -0.09633
target: 0.00000 -0.04904
dist/lin/ang/drive_left/drive_right/tv_l/tv_r/av_l/av_r/x/y/theta/t_err: -0.07884 0.00000 -0.37492 0.04432 -0.06771 0.10439 -0.10317 0.10439 -0.10317 0 0 94.51708 -0.07884
fb: -0.01147 -0.06222 -0.04408 0.04799
fb: -0.01169 -0.06285 -0.04408 0.04799
final error was -4.01104
position: 0.20839 -1.24264 94.01104
took 1.12000 time to finish turn
target: 0.00000 0.15697
dist/lin/ang/drive_left/drive_right/tv_l/tv_r/av_l/av_r/x/y/theta/t_err: 1.57080 0.00000 1.20000 0.00000 0.00000 0.00000 -0.00033 0.00000 -0.00033 0 0 -0.00005 1.57080
fb: 0.00000 0.00000 -0.85057 0.85860
fb: 0.00000 0.00000 -0.85057 0.85860
target: 0.00000 0.31394
dist/lin/ang/drive_left/drive_right/tv_l/tv_r/av_l/av_r/x/y/theta/t_err: 1.57080 0.00000 2.40000 0.00000 0.00000 -0.03250 0.08983 -0.03250 0.08983 0 0 -0.00011 1.57080
fb: 0.00000 0.00000 -0.95574 0.96691
fb: 0.00000 0.00000 -0.95574 0.96691
target: 0.00000 0.47092
dist/lin/ang/drive_left/drive_right/tv_l/tv_r/av_l/av_r/x/y/theta/t_err: 1.57080 0.00000 3.60000 0.00000 0.00000 -0.47619 0.43017 -0.47619 0.43017 0 0 -0.00010 1.57080
fb: 0.00000 0.01554 -1.00000 1.00000
fb: 0.00000 0.06229 -1.00000 1.00000
target: 0.00000 0.62789
dist/lin/ang/drive_left/drive_right/tv_l/tv_r/av_l/av_r/x/y/theta/t_err: 1.57010 0.00000 4.80000 -0.06229 0.06229 -0.56942 0.40519 -0.56942 0.40519 0 0 0.03995 1.57010
fb: 0.00000 0.11462 -1.00000 1.00000
fb: 0.00000 0.15858 -1.00000 1.00000
target: 0.00000 0.78486
dist/lin/ang/drive_left/drive_right/tv_l/tv_r/av_l/av_r/x/y/theta/t_err: 1.55853 0.00000 6.00000 -0.15858 0.15858 -0.34069 0.49022 -0.34069 0.49022 0 0 0.70283 1.55853
fb: 0.00000 0.18875 -1.00000 1.00000
fb: 0.00000 0.21857 -1.00000 1.00000
target: 0.00000 0.78486
dist/lin/ang/drive_left/drive_right/tv_l/tv_r/av_l/av_r/x/y/theta/t_err: 1.53332 0.00000 6.00000 -0.21857 0.21857 -0.66461 0.68733 -0.66461 0.68733 0 0 2.14712 1.53332
fb: 0.00772 0.25627 -0.56488 0.58547
fb: 0.01942 0.29689 -0.56488 0.58547
target: 0.00000 0.78486
dist/lin/ang/drive_left/drive_right/tv_l/tv_r/av_l/av_r/x/y/theta/t_err: 1.49846 0.00000 6.00000 -0.27747 0.31631 -0.58092 0.60247 -0.58092 0.60247 0 0 4.14473 1.49846
fb: 0.01942 0.34371 -0.56488 0.58547
fb: 0.02317 0.38928 -0.56488 0.58547
target: 0.00000 0.78486
dist/lin/ang/drive_left/drive_right/tv_l/tv_r/av_l/av_r/x/y/theta/t_err: 1.45131 0.00000 6.00000 -0.36611 0.41245 -0.30886 0.51642 -0.30886 0.51642 0 0 6.84608 1.45131
fb: 0.03486 0.42258 -0.56488 0.58547
fb: 0.04082 0.44160 -0.56488 0.58547
target: 0.00000 0.78486
dist/lin/ang/drive_left/drive_right/tv_l/tv_r/av_l/av_r/x/y/theta/t_err: 1.39087 0.00000 6.00000 -0.40078 0.48243 -0.50408 0.55217 -0.50408 0.55217 0 0 10.30884 1.39087
fb: 0.04082 0.46132 -0.56488 0.58547
fb: 0.02714 0.48543 -0.56488 0.58547
target: 0.00000 0.78486
dist/lin/ang/drive_left/drive_right/tv_l/tv_r/av_l/av_r/x/y/theta/t_err: 1.32270 0.00000 6.00000 -0.45829 0.51257 -0.53847 0.56192 -0.53847 0.56192 0 0 14.21477 1.32270
fb: 0.01545 0.51644 -0.56488 0.58547
fb: 0.01942 0.55274 -0.56488 0.58547
target: 0.00000 0.78486
dist/lin/ang/drive_left/drive_right/tv_l/tv_r/av_l/av_r/x/y/theta/t_err: 1.24742 0.00000 6.00000 -0.53332 0.57215 -0.54228 0.55747 -0.54228 0.55747 0 0 18.52808 1.24742
fb: 0.01942 0.58925 -0.56488 0.58547
fb: 0.00772 0.61740 -0.56488 0.58547
target: 0.00000 0.78486
dist/lin/ang/drive_left/drive_right/tv_l/tv_r/av_l/av_r/x/y/theta/t_err: 1.16171 0.00000 6.00000 -0.60967 0.62512 -0.54633 0.56142 -0.54633 0.56142 0 0 23.43909 1.16171
fb: 0.00000 0.64366 -0.56488 0.58547
fb: 0.00000 0.67216 -0.56488 0.58547
target: 0.00000 0.78486
dist/lin/ang/drive_left/drive_right/tv_l/tv_r/av_l/av_r/x/y/theta/t_err: 1.06654 0.00000 6.00000 -0.67216 0.67216 -0.54467 0.56294 -0.54467 0.56294 0 0 28.89182 1.06654
fb: 0.00000 0.69697 -0.56488 0.58547
fb: 0.00000 0.72226 -0.56488 0.58547
target: 0.00000 0.78486
dist/lin/ang/drive_left/drive_right/tv_l/tv_r/av_l/av_r/x/y/theta/t_err: 0.96310 0.00000 6.00000 -0.72226 0.72226 -0.54603 0.56378 -0.54603 0.56378 0 0 34.81835 0.96310
fb: 0.00000 0.74741 -0.56488 0.58547
fb: 0.00000 0.76852 -0.56488 0.58547
target: 0.00000 0.78486
dist/lin/ang/drive_left/drive_right/tv_l/tv_r/av_l/av_r/x/y/theta/t_err: 0.85193 0.00000 6.00000 -0.76852 0.76852 -0.54753 0.56347 -0.54753 0.56347 0 0 41.18818 0.85193
fb: 0.00000 0.78943 -0.56488 0.58547
fb: 0.00000 0.80852 -0.56488 0.58547
target: 0.00000 0.78486
dist/lin/ang/drive_left/drive_right/tv_l/tv_r/av_l/av_r/x/y/theta/t_err: 0.73379 0.00000 6.00000 -0.80852 0.80852 -0.54719 0.56156 -0.54719 0.56156 0 0 47.95674 0.73379
fb: 0.00000 0.82343 -0.56488 0.58547
fb: -0.00971 0.83764 -0.56488 0.58547
target: 0.00000 0.78486
dist/lin/ang/drive_left/drive_right/tv_l/tv_r/av_l/av_r/x/y/theta/t_err: 0.60979 0.00000 6.00000 -0.84735 0.82793 -0.54719 0.56069 -0.54719 0.56069 0 0 55.06147 0.60979
fb: -0.05427 0.85241 -0.56488 0.58547
fb: -0.08538 0.86509 -0.56488 0.58547
target: 0.00000 0.46746
dist/lin/ang/drive_left/drive_right/tv_l/tv_r/av_l/av_r/x/y/theta/t_err: 0.48125 0.00000 3.57355 -0.95047 0.77971 -0.54875 0.56208 -0.54875 0.56208 0 0 62.42633 0.48125
fb: -0.07567 0.87771 1.00000 -1.00000
fb: -0.08714 0.89248 1.00000 -1.00000
target: 0.00000 0.36275
dist/lin/ang/drive_left/drive_right/tv_l/tv_r/av_l/av_r/x/y/theta/t_err: 0.34856 0.00000 2.77312 -0.97962 0.80533 -0.26058 0.45822 -0.26058 0.45822 0 0 70.02916 0.34856
fb: -0.09884 0.90342 0.26715 -0.26479
fb: -0.09509 0.90774 0.26715 -0.26479
target: 0.00000 0.23081
dist/lin/ang/drive_left/drive_right/tv_l/tv_r/av_l/av_r/x/y/theta/t_err: 0.21175 0.00000 1.76444 -1.00282 0.81265 0.09686 -0.07219 0.09686 -0.07219 0 0 77.86743 0.21175
fb: -0.09707 0.89241 0.47814 -0.47842
fb: -0.10082 0.84092 0.47814 -0.47842
target: 0.00000 0.03941
dist/lin/ang/drive_left/drive_right/tv_l/tv_r/av_l/av_r/x/y/theta/t_err: 0.07359 0.00000 0.30125 -0.94174 0.74009 0.27036 -0.22364 0.27036 -0.22364 0 0 85.78376 0.07359
fb: -0.10281 0.78267 0.87392 -0.87803
fb: -0.12796 0.73125 0.87392 -0.87803
target: 0.00000 0.00000
dist/lin/ang/drive_left/drive_right/tv_l/tv_r/av_l/av_r/x/y/theta/t_err: -0.05276 0.00000 0.00000 -0.85921 0.60328 0.40589 -0.41047 0.40589 -0.41047 0 0 93.02307 -0.05276
fb: -0.15113 0.66443 0.21635 -0.22124
fb: -0.15709 0.59712 0.21635 -0.22124
target: 0.00000 -0.15697
dist/lin/ang/drive_left/drive_right/tv_l/tv_r/av_l/av_r/x/y/theta/t_err: -0.16190 0.00000 -1.20000 -0.75421 0.44003 0.47039 -0.46675 0.47039 -0.46675 0 0 99.27620 -0.16190
fb: -0.16680 0.52689 0.85057 -0.85860
fb: -0.15511 0.45847 0.85057 -0.85860
target: 0.00000 -0.27184
dist/lin/ang/drive_left/drive_right/tv_l/tv_r/av_l/av_r/x/y/theta/t_err: -0.25066 0.00000 -2.07811 -0.61358 0.30335 0.25769 -0.22175 0.25769 -0.22175 0 0 104.36188 -0.25066
fb: -0.14938 0.38782 0.73805 -0.74838
fb: -0.14938 0.32594 0.73805 -0.74838
target: 0.00000 -0.33602
dist/lin/ang/drive_left/drive_right/tv_l/tv_r/av_l/av_r/x/y/theta/t_err: -0.31810 0.00000 -2.56879 -0.47532 0.17656 0.47467 -0.50169 0.47467 -0.50169 0 0 108.22606 -0.31810
fb: -0.13173 0.25898 0.55299 -0.56461
fb: -0.11827 0.19892 0.55299 -0.56461
target: 0.00000 -0.37698
dist/lin/ang/drive_left/drive_right/tv_l/tv_r/av_l/av_r/x/y/theta/t_err: -0.36534 0.00000 -2.88190 -0.31720 0.08065 0.37197 -0.30525 0.37197 -0.30525 0 0 110.93225 -0.36534
fb: -0.11254 0.14416 0.47592 -0.48835
fb: -0.11055 0.09225 0.47592 -0.48835
target: 0.00000 -0.40036
dist/lin/ang/drive_left/drive_right/tv_l/tv_r/av_l/av_r/x/y/theta/t_err: -0.39377 0.00000 -3.06065 -0.20280 -0.01830 0.44592 -0.25700 0.44592 -0.25700 0 0 112.56113 -0.39377
fb: -0.10481 0.04822 0.41249 -0.42539
fb: -0.07569 0.01373 0.41249 -0.42539
target: 0.00000 -0.41044
dist/lin/ang/drive_left/drive_right/tv_l/tv_r/av_l/av_r/x/y/theta/t_err: -0.40634 0.00000 -3.13767 -0.08941 -0.06196 0.42486 -0.33194 0.42486 -0.33194 0 0 113.28179 -0.40634
fb: -0.03884 -0.01575 0.35936 -0.37246
fb: -0.01545 -0.04856 0.35936 -0.37246
target: 0.00000 -0.41122
dist/lin/ang/drive_left/drive_right/tv_l/tv_r/av_l/av_r/x/y/theta/t_err: -0.40733 0.00000 -3.14365 0.03312 -0.06401 0.37439 -0.25581 0.37439 -0.25581 0 0 113.33822 -0.40733
fb: -0.00375 -0.07358 0.31806 -0.33118
fb: 0.00000 -0.08758 0.31806 -0.33118
target: 0.00000 -0.40461
dist/lin/ang/drive_left/drive_right/tv_l/tv_r/av_l/av_r/x/y/theta/t_err: -0.39904 0.00000 -3.09312 0.08758 -0.08758 0.32561 -0.29789 0.32561 -0.29789 0 0 112.86352 -0.39904
fb: 0.00000 -0.09748 0.28037 -0.29335
fb: 0.00000 -0.10444 0.28037 -0.29335
target: 0.00000 -0.39348
dist/lin/ang/drive_left/drive_right/tv_l/tv_r/av_l/av_r/x/y/theta/t_err: -0.38528 0.00000 -3.00799 0.10444 -0.10444 0.29036 -0.29892 0.29036 -0.29892 0 0 112.07488 -0.38528
fb: 0.01169 -0.10723 0.25254 -0.26530
fb: 0.06399 -0.10890 0.25254 -0.26530
target: 0.00000 -0.38022
dist/lin/ang/drive_left/drive_right/tv_l/tv_r/av_l/av_r/x/y/theta/t_err: -0.36921 0.00000 -2.90668 0.17289 -0.04491 0.26539 -0.27275 0.26539 -0.27275 0 0 111.15438 -0.36921
fb: 0.12401 -0.11183 0.23414 -0.24663
fb: 0.14541 -0.11915 0.23414 -0.24663
target: 0.00000 -0.36608
dist/lin/ang/drive_left/drive_right/tv_l/tv_r/av_l/av_r/x/y/theta/t_err: -0.35245 0.00000 -2.79857 0.26456 0.02627 0.23836 -0.24503 0.23836 -0.24503 0 0 110.19376 -0.35245
fb: 0.14166 -0.12820 0.22066 -0.23288
fb: 0.13372 -0.13677 0.22066 -0.23288
target: 0.00000 -0.34999
dist/lin/ang/drive_left/drive_right/tv_l/tv_r/av_l/av_r/x/y/theta/t_err: -0.33384 0.00000 -2.67555 0.27049 -0.00305 0.21800 -0.22331 0.21800 -0.22331 0 0 109.12772 -0.33384
fb: 0.14343 -0.14423 0.20110 -0.21299
fb: 0.14563 -0.14834 0.20110 -0.21299
target: 0.00000 -0.33105
dist/lin/ang/drive_left/drive_right/tv_l/tv_r/av_l/av_r/x/y/theta/t_err: -0.31259 0.00000 -2.53075 0.29397 -0.00271 0.20600 -0.20789 0.20600 -0.20789 0 0 107.91011 -0.31259
fb: 0.14541 -0.14987 0.17559 -0.18711
fb: 0.14916 -0.14709 0.17559 -0.18711
target: 0.00000 -0.31002
dist/lin/ang/drive_left/drive_right/tv_l/tv_r/av_l/av_r/x/y/theta/t_err: -0.28982 0.00000 -2.37001 0.29625 0.00208 0.18514 -0.18872 0.18514 -0.18872 0 0 106.60522 -0.28982
fb: 0.14939 -0.14346 0.15211 -0.16321
fb: 0.14939 -0.14033 0.15211 -0.16321
target: 0.00000 -0.28852
dist/lin/ang/drive_left/drive_right/tv_l/tv_r/av_l/av_r/x/y/theta/t_err: -0.26742 0.00000 -2.20564 0.28971 0.00906 0.16186 -0.16408 0.16186 -0.16408 0 0 105.32200 -0.26742
fb: 0.13968 -0.13712 0.13558 -0.14624
fb: 0.13968 -0.13454 0.13558 -0.14624
target: 0.00000 -0.26715
dist/lin/ang/drive_left/drive_right/tv_l/tv_r/av_l/av_r/x/y/theta/t_err: -0.24605 0.00000 -2.04230 0.27422 0.00513 0.14425 -0.14339 0.14425 -0.14339 0 0 104.09786 -0.24605
fb: 0.14144 -0.13141 0.12186 -0.13210
fb: 0.13195 -0.12904 0.12186 -0.13210
target: 0.00000 -0.24578
dist/lin/ang/drive_left/drive_right/tv_l/tv_r/av_l/av_r/x/y/theta/t_err: -0.22557 0.00000 -1.87889 0.26099 0.00291 0.12886 -0.12694 0.12886 -0.12694 0 0 102.92421 -0.22557
fb: 0.12622 -0.12618 0.10750 -0.11731
fb: 0.12026 -0.12291 0.10750 -0.11731
target: 0.00000 -0.22432
dist/lin/ang/drive_left/drive_right/tv_l/tv_r/av_l/av_r/x/y/theta/t_err: -0.20590 0.00000 -1.71486 0.24317 -0.00265 0.11944 -0.11547 0.11944 -0.11547 0 0 101.79746 -0.20590
fb: 0.11629 -0.11852 0.09277 -0.10215
fb: 0.11430 -0.11350 0.09277 -0.10215
target: 0.00000 -0.20302
dist/lin/ang/drive_left/drive_right/tv_l/tv_r/av_l/av_r/x/y/theta/t_err: -0.18727 0.00000 -1.55205 0.22780 0.00080 0.10611 -0.10503 0.10611 -0.10503 0 0 100.72981 -0.18727
fb: 0.10084 -0.10779 0.07921 -0.08816
fb: 0.09510 -0.10117 0.07921 -0.08816
target: 0.00000 -0.18248
dist/lin/ang/drive_left/drive_right/tv_l/tv_r/av_l/av_r/x/y/theta/t_err: -0.17013 0.00000 -1.39498 0.19627 -0.00607 0.09325 -0.09550 0.09325 -0.09550 0 0 99.74785 -0.17013
fb: 0.09510 -0.09462 0.06883 -0.07737
fb: 0.08539 -0.08814 0.06883 -0.07737
target: 0.00000 -0.16336
dist/lin/ang/drive_left/drive_right/tv_l/tv_r/av_l/av_r/x/y/theta/t_err: -0.15492 0.00000 -1.24883 0.17353 -0.00274 0.07633 -0.07733 0.07633 -0.07733 0 0 98.87640 -0.15492
fb: 0.08517 -0.08048 0.06244 -0.07060
fb: 0.09113 -0.07295 0.06244 -0.07060
target: 0.00000 -0.14603
dist/lin/ang/drive_left/drive_right/tv_l/tv_r/av_l/av_r/x/y/theta/t_err: -0.14176 0.00000 -1.11639 0.16408 0.01818 0.06947 -0.06894 0.06947 -0.06894 0 0 98.12198 -0.14176
fb: 0.08341 -0.06786 0.05891 -0.06672
fb: 0.07370 -0.06320 0.05891 -0.06672
target: 0.00000 -0.13097
dist/lin/ang/drive_left/drive_right/tv_l/tv_r/av_l/av_r/x/y/theta/t_err: -0.13078 0.00000 -1.00121 0.13690 0.01050 0.06467 -0.06739 0.06467 -0.06739 0 0 97.49315 -0.13078
fb: 0.06995 -0.05804 0.05898 -0.06649
fb: 0.06399 -0.05323 0.05898 -0.06649
target: 0.00000 -0.11750
dist/lin/ang/drive_left/drive_right/tv_l/tv_r/av_l/av_r/x/y/theta/t_err: -0.12134 0.00000 -0.89828 0.11722 0.01076 0.05647 -0.05783 0.05647 -0.05783 0 0 96.95255 -0.12134
fb: 0.05803 -0.04898 0.05716 -0.06440
fb: 0.05031 -0.04466 0.05716 -0.06440
target: 0.00000 -0.10578
dist/lin/ang/drive_left/drive_right/tv_l/tv_r/av_l/av_r/x/y/theta/t_err: -0.11342 0.00000 -0.80862 0.09497 0.00565 0.05542 -0.05733 0.05542 -0.05733 0 0 96.49821 -0.11342
fb: 0.04281 -0.04076 0.05712 -0.06413
fb: 0.03685 -0.03742 0.05712 -0.06413
target: 0.00000 -0.09568
dist/lin/ang/drive_left/drive_right/tv_l/tv_r/av_l/av_r/x/y/theta/t_err: -0.10680 0.00000 -0.73140 0.07427 -0.00057 0.05492 -0.05683 0.05492 -0.05683 0 0 96.11920 -0.10680
fb: 0.02714 -0.03400 0.05767 -0.06448
fb: 0.02339 -0.03073 0.05767 -0.06448
target: 0.00000 -0.08700
dist/lin/ang/drive_left/drive_right/tv_l/tv_r/av_l/av_r/x/y/theta/t_err: -0.10128 0.00000 -0.66511 0.05412 -0.00734 0.05458 -0.05683 0.05458 -0.05683 0 0 95.80289 -0.10128
fb: 0.02317 -0.02738 0.05829 -0.06493
fb: 0.02317 -0.02453 0.05829 -0.06493
target: 0.00000 -0.07976
dist/lin/ang/drive_left/drive_right/tv_l/tv_r/av_l/av_r/x/y/theta/t_err: -0.09678 0.00000 -0.60977 0.04770 -0.00136 0.05183 -0.05700 0.05183 -0.05700 0 0 95.54525 -0.09678
fb: 0.01942 -0.02153 0.05989 -0.06638
fb: 0.01545 -0.01819 0.05989 -0.06638
target: 0.00000 -0.07386
dist/lin/ang/drive_left/drive_right/tv_l/tv_r/av_l/av_r/x/y/theta/t_err: -0.09319 0.00000 -0.56461 0.03363 -0.00274 0.05100 -0.05683 0.05100 -0.05683 0 0 95.33939 -0.09319
fb: 0.01169 -0.01498 0.06193 -0.06830
fb: 0.00794 -0.01122 0.06193 -0.06830
target: 0.00000 -0.06951
dist/lin/ang/drive_left/drive_right/tv_l/tv_r/av_l/av_r/x/y/theta/t_err: -0.09059 0.00000 -0.53136 0.01916 -0.00327 0.05269 -0.05700 0.05269 -0.05700 0 0 95.19027 -0.09059
fb: 0.00772 -0.00746 0.06602 -0.07230
fb: 0.00772 -0.00523 0.06602 -0.07230
target: 0.00000 -0.06700
dist/lin/ang/drive_left/drive_right/tv_l/tv_r/av_l/av_r/x/y/theta/t_err: -0.08910 0.00000 -0.51217 0.01295 0.00250 0.05922 -0.05889 0.05922 -0.05889 0 0 95.10518 -0.08910
fb: 0.00397 -0.00369 0.07261 -0.07885
fb: 0.00000 -0.00265 0.07261 -0.07885
target: 0.00000 -0.06581
dist/lin/ang/drive_left/drive_right/tv_l/tv_r/av_l/av_r/x/y/theta/t_err: -0.08840 0.00000 -0.50307 0.00265 -0.00265 0.06297 -0.06742 0.06297 -0.06742 0 0 95.06508 -0.08840
fb: 0.00000 -0.00209 0.07776 -0.08397
fb: 0.00177 -0.00153 0.07776 -0.08397
target: 0.00000 -0.06519
dist/lin/ang/drive_left/drive_right/tv_l/tv_r/av_l/av_r/x/y/theta/t_err: -0.08804 0.00000 -0.49837 0.00330 0.00023 0.06911 -0.06928 0.06911 -0.06928 0 0 95.04441 -0.08804
fb: 0.00177 -0.00209 0.07993 -0.08613
fb: 0.00000 -0.00216 0.07993 -0.08613
target: 0.00000 -0.06460
dist/lin/ang/drive_left/drive_right/tv_l/tv_r/av_l/av_r/x/y/theta/t_err: -0.08770 0.00000 -0.49385 0.00216 -0.00216 0.06894 -0.07667 0.06894 -0.07667 0 0 95.02459 -0.08770
fb: 0.00397 -0.00181 0.07965 -0.08583
fb: 0.00397 -0.00160 0.07965 -0.08583
target: 0.00000 -0.06396
dist/lin/ang/drive_left/drive_right/tv_l/tv_r/av_l/av_r/x/y/theta/t_err: -0.08732 0.00000 -0.48892 0.00557 0.00237 0.06947 -0.07667 0.06947 -0.07667 0 0 95.00303 -0.08732
fb: 0.00000 -0.00153 0.07897 -0.08515
fb: 0.00397 -0.00188 0.07897 -0.08515
target: 0.00000 -0.06343
dist/lin/ang/drive_left/drive_right/tv_l/tv_r/av_l/av_r/x/y/theta/t_err: -0.08701 0.00000 -0.48490 0.00585 0.00209 0.06928 -0.07717 0.06928 -0.07717 0 0 94.98545 -0.08701
fb: 0.00397 -0.00265 0.07915 -0.08531
fb: 0.00375 -0.00355 0.07915 -0.08531
target: 0.00000 -0.06281
dist/lin/ang/drive_left/drive_right/tv_l/tv_r/av_l/av_r/x/y/theta/t_err: -0.08665 0.00000 -0.48016 0.00730 0.00020 0.06947 -0.07683 0.06947 -0.07683 0 0 94.96481 -0.08665
fb: 0.00375 -0.00425 0.07832 -0.08447
fb: 0.00397 -0.00474 0.07832 -0.08447
target: 0.00000 -0.06179
dist/lin/ang/drive_left/drive_right/tv_l/tv_r/av_l/av_r/x/y/theta/t_err: -0.08606 0.00000 -0.47233 0.00871 -0.00077 0.06928 -0.07717 0.06928 -0.07717 0 0 94.93077 -0.08606
fb: 0.00397 -0.00453 0.07581 -0.08194
fb: 0.00375 -0.00418 0.07581 -0.08194
target: 0.00000 -0.06051
dist/lin/ang/drive_left/drive_right/tv_l/tv_r/av_l/av_r/x/y/theta/t_err: -0.08532 0.00000 -0.46258 0.00793 -0.00043 0.06914 -0.07700 0.06914 -0.07700 0 0 94.88854 -0.08532
fb: 0.00375 -0.00376 0.07382 -0.07993
fb: 0.00397 -0.00348 0.07382 -0.07993
target: 0.00000 -0.05940
dist/lin/ang/drive_left/drive_right/tv_l/tv_r/av_l/av_r/x/y/theta/t_err: -0.08468 0.00000 -0.45409 0.00746 0.00049 0.06897 -0.07581 0.06897 -0.07581 0 0 94.85193 -0.08468
fb: 0.00397 -0.00321 0.07383 -0.07991
fb: 0.00397 -0.00286 0.07383 -0.07991
target: 0.00000 -0.05850
dist/lin/ang/drive_left/drive_right/tv_l/tv_r/av_l/av_r/x/y/theta/t_err: -0.08416 0.00000 -0.44718 0.00683 0.00112 0.06894 -0.06858 0.06894 -0.06858 0 0 94.82224 -0.08416
fb: 0.00397 -0.00265 0.07415 -0.08021
fb: 0.00000 -0.00195 0.07415 -0.08021
target: 0.00000 -0.05777
dist/lin/ang/drive_left/drive_right/tv_l/tv_r/av_l/av_r/x/y/theta/t_err: -0.08375 0.00000 -0.44161 0.00195 -0.00195 0.06861 -0.06878 0.06861 -0.06878 0 0 94.79833 -0.08375
fb: 0.00000 -0.00139 0.07444 -0.08049
fb: 0.00000 -0.00056 0.07444 -0.08049
target: 0.00000 -0.05729
dist/lin/ang/drive_left/drive_right/tv_l/tv_r/av_l/av_r/x/y/theta/t_err: -0.08347 0.00000 -0.43793 0.00056 -0.00056 0.06894 -0.07650 0.06894 -0.07650 0 0 94.78259 -0.08347
fb: 0.00000 0.00000 0.07524 -0.08128
fb: 0.00000 0.00000 0.07524 -0.08128
final error was -4.77868
position: -0.12750 0.50142 94.77868
took 1.32000 time to finish turn
increased to 135.00000
decreased to 90.00000
decreased to 45.00000
increased to 90.00000
increased to 135.00000
target: 0.00000 0.15697
dist/lin/ang/drive_left/drive_right/tv_l/tv_r/av_l/av_r/x/y/theta/t_err: 2.35618 0.00000 1.20000 0.00000 0.00000 0.00017 -0.00033 0.00017 -0.00033 0 0 0.00093 2.35618
fb: 0.00000 0.00000 -0.85057 0.85860
fb: 0.00000 0.00000 -0.85057 0.85860
target: 0.00000 0.31394
dist/lin/ang/drive_left/drive_right/tv_l/tv_r/av_l/av_r/x/y/theta/t_err: 2.35617 0.00000 2.40000 0.00000 0.00000 -0.06111 0.06656 -0.06111 0.06656 0 0 0.00135 2.35617
fb: 0.00000 0.00000 -0.95574 0.96691
fb: 0.00000 0.01505 -0.95574 0.96691
target: 0.00000 0.47092
dist/lin/ang/drive_left/drive_right/tv_l/tv_r/av_l/av_r/x/y/theta/t_err: 2.35621 0.00000 3.60000 -0.01505 0.01505 -0.45189 0.41922 -0.45189 0.41922 0 0 -0.00103 2.35621
fb: 0.00000 0.05811 -1.00000 1.00000
fb: 0.00000 0.10765 -1.00000 1.00000
target: 0.00000 0.62789
dist/lin/ang/drive_left/drive_right/tv_l/tv_r/av_l/av_r/x/y/theta/t_err: 2.35190 0.00000 4.80000 -0.10765 0.10765 -0.34872 0.48697 -0.34872 0.48697 0 0 0.24627 2.35190
fb: 0.00000 0.14918 -1.00000 1.00000
fb: 0.00000 0.18617 -1.00000 1.00000
target: 0.00000 0.78486
dist/lin/ang/drive_left/drive_right/tv_l/tv_r/av_l/av_r/x/y/theta/t_err: 2.33401 0.00000 6.00000 -0.18617 0.18617 -0.58503 0.48489 -0.58503 0.48489 0 0 1.27111 2.33401
fb: 0.00000 0.22526 -1.00000 1.00000
fb: 0.00000 0.26832 -1.00000 1.00000
target: 0.00000 0.78486
dist/lin/ang/drive_left/drive_right/tv_l/tv_r/av_l/av_r/x/y/theta/t_err: 2.30421 0.00000 6.00000 -0.26832 0.26832 -0.73575 0.66011 -0.73575 0.66011 0 0 2.97870 2.30421
fb: 0.00000 0.31452 -0.56488 0.58547
fb: 0.00000 0.36594 -0.56488 0.58547
target: 0.00000 0.78486
dist/lin/ang/drive_left/drive_right/tv_l/tv_r/av_l/av_r/x/y/theta/t_err: 2.26156 0.00000 6.00000 -0.36594 0.36594 -0.61069 0.59561 -0.61069 0.59561 0 0 5.42225 2.26156
fb: 0.00000 0.41436 -0.56488 0.58547
fb: 0.00000 0.44746 -0.56488 0.58547
target: 0.00000 0.78486
dist/lin/ang/drive_left/drive_right/tv_l/tv_r/av_l/av_r/x/y/theta/t_err: 2.20389 0.00000 6.00000 -0.44746 0.44746 -0.42125 0.30936 -0.42125 0.30936 0 0 8.72666 2.20389
fb: 0.00000 0.45881 -0.56488 0.58547
fb: 0.00000 0.47756 -0.56488 0.58547
target: 0.00000 0.78486
dist/lin/ang/drive_left/drive_right/tv_l/tv_r/av_l/av_r/x/y/theta/t_err: 2.13546 0.00000 6.00000 -0.47756 0.47756 -0.52086 0.51711 -0.52086 0.51711 0 0 12.64719 2.13546
fb: 0.00000 0.50612 -0.56488 0.58547
fb: 0.00000 0.53838 -0.56488 0.58547
target: 0.00000 0.78486
dist/lin/ang/drive_left/drive_right/tv_l/tv_r/av_l/av_r/x/y/theta/t_err: 2.06151 0.00000 6.00000 -0.53838 0.53838 -0.53936 0.55475 -0.53936 0.55475 0 0 16.88399 2.06151
fb: 0.00000 0.56939 -0.56488 0.58547
fb: 0.00000 0.60033 -0.56488 0.58547
target: 0.00000 0.78486
dist/lin/ang/drive_left/drive_right/tv_l/tv_r/av_l/av_r/x/y/theta/t_err: 1.97834 0.00000 6.00000 -0.60033 0.60033 -0.54414 0.55817 -0.54414 0.55817 0 0 21.64951 1.97834
fb: 0.00000 0.62576 -0.56488 0.58547
fb: -0.00375 0.64819 -0.56488 0.58547
target: 0.00000 0.78486
dist/lin/ang/drive_left/drive_right/tv_l/tv_r/av_l/av_r/x/y/theta/t_err: 1.88589 0.00000 6.00000 -0.65194 0.64444 -0.54769 0.56056 -0.54769 0.56056 0 0 26.94635 1.88589
fb: -0.02714 0.67599 -0.56488 0.58547
fb: -0.04280 0.70205 -0.56488 0.58547
target: 0.00000 0.78486
dist/lin/ang/drive_left/drive_right/tv_l/tv_r/av_l/av_r/x/y/theta/t_err: 1.78590 0.00000 6.00000 -0.74486 0.65925 -0.54311 0.56053 -0.54311 0.56053 0 0 32.67539 1.78590
fb: -0.03685 0.72414 -0.56488 0.58547
fb: -0.03287 0.74588 -0.56488 0.58547
target: 0.00000 0.78486
dist/lin/ang/drive_left/drive_right/tv_l/tv_r/av_l/av_r/x/y/theta/t_err: 1.67813 0.00000 6.00000 -0.77875 0.71300 -0.54636 0.56039 -0.54636 0.56039 0 0 38.85028 1.67813
fb: -0.03089 0.76588 -0.56488 0.58547
fb: -0.02912 0.78643 -0.56488 0.58547
target: 0.00000 0.78486
dist/lin/ang/drive_left/drive_right/tv_l/tv_r/av_l/av_r/x/y/theta/t_err: 1.56366 0.00000 6.00000 -0.81555 0.75731 -0.54769 0.56361 -0.54769 0.56361 0 0 45.40889 1.56366
fb: -0.02912 0.80880 -0.56488 0.58547
fb: -0.03684 0.82691 -0.56488 0.58547
target: 0.00000 0.78486
dist/lin/ang/drive_left/drive_right/tv_l/tv_r/av_l/av_r/x/y/theta/t_err: 1.44290 0.00000 6.00000 -0.86376 0.79007 -0.54736 0.56603 -0.54736 0.56603 0 0 52.32792 1.44290
fb: -0.05626 0.84377 -0.56488 0.58547
fb: -0.06795 0.85611 -0.56488 0.58547
target: 0.00000 0.78486
dist/lin/ang/drive_left/drive_right/tv_l/tv_r/av_l/av_r/x/y/theta/t_err: 1.31617 0.00000 6.00000 -0.92406 0.78815 -0.54806 0.56656 -0.54806 0.56656 0 0 59.58889 1.31617
fb: -0.08339 0.86788 -0.56488 0.58547
fb: -0.09112 0.88161 -0.56488 0.58547
target: 0.00000 0.78486
dist/lin/ang/drive_left/drive_right/tv_l/tv_r/av_l/av_r/x/y/theta/t_err: 1.18510 0.00000 6.00000 -0.97272 0.79049 -0.54772 0.56483 -0.54772 0.56483 0 0 67.09888 1.18510
fb: -0.08913 0.89303 -0.56488 0.58547
fb: -0.11229 0.90383 -0.56488 0.58547
target: 0.00000 0.78486
dist/lin/ang/drive_left/drive_right/tv_l/tv_r/av_l/av_r/x/y/theta/t_err: 1.05019 0.00000 6.00000 -1.01613 0.79154 -0.54994 0.56175 -0.54994 0.56175 0 0 74.82835 1.05019
fb: -0.12024 0.91219 -0.56488 0.58547
fb: -0.12796 0.92063 -0.56488 0.58547
target: 0.00000 0.78486
dist/lin/ang/drive_left/drive_right/tv_l/tv_r/av_l/av_r/x/y/theta/t_err: 0.91197 0.00000 6.00000 -1.04858 0.79267 -0.55439 0.56347 -0.55439 0.56347 0 0 82.74787 0.91197
fb: -0.13965 0.92892 -0.56488 0.58547
fb: -0.12994 0.93707 -0.56488 0.58547
target: 0.00000 0.78486
dist/lin/ang/drive_left/drive_right/tv_l/tv_r/av_l/av_r/x/y/theta/t_err: 0.77109 0.00000 6.00000 -1.06701 0.80713 -0.55678 0.56467 -0.55678 0.56467 0 0 90.82005 0.77109
fb: -0.13391 0.94327 -0.56488 0.58547
fb: -0.14163 0.95170 -0.56488 0.58547
target: 0.00000 0.78486
dist/lin/ang/drive_left/drive_right/tv_l/tv_r/av_l/av_r/x/y/theta/t_err: 0.62780 0.00000 6.00000 -1.09333 0.81007 -0.55525 0.56328 -0.55525 0.56328 0 0 99.02976 0.62780
fb: -0.13369 0.95964 -0.56488 0.58547
fb: -0.12597 0.96745 -0.56488 0.58547
target: 0.00000 0.46810
dist/lin/ang/drive_left/drive_right/tv_l/tv_r/av_l/av_r/x/y/theta/t_err: 0.48214 0.00000 3.57849 -1.09342 0.84148 -0.55286 0.56500 -0.55286 0.56500 0 0 107.37567 0.48214
fb: -0.12795 0.97260 1.00000 -1.00000
fb: -0.13192 0.97776 1.00000 -1.00000
target: 0.00000 0.35026
dist/lin/ang/drive_left/drive_right/tv_l/tv_r/av_l/av_r/x/y/theta/t_err: 0.33415 0.00000 2.67760 -1.10968 0.84584 -0.45500 0.38586 -0.45500 0.38586 0 0 115.85474 0.33415
fb: -0.14737 0.97908 0.33466 -0.33255
fb: -0.16281 0.95985 0.33466 -0.33255
target: 0.00000 0.19986
dist/lin/ang/drive_left/drive_right/tv_l/tv_r/av_l/av_r/x/y/theta/t_err: 0.18457 0.00000 1.52783 -1.12266 0.79704 0.06864 -0.11189 0.06864 -0.11189 0 0 124.42468 0.18457
fb: -0.18421 0.90592 0.67403 -0.49071
fb: -0.20937 0.83890 0.68661 -0.47814
target: 0.00000 0.00000
dist/lin/ang/drive_left/drive_right/tv_l/tv_r/av_l/av_r/x/y/theta/t_err: 0.04042 0.00000 0.00000 -1.04826 0.62953 0.29553 -0.29158 0.29553 -0.29158 0 0 132.68414 0.04042
fb: -0.20165 0.78148 1.00000 -0.84244
fb: -0.19989 0.72303 1.00000 -0.84332
target: 0.00000 -0.06167
dist/lin/ang/drive_left/drive_right/tv_l/tv_r/av_l/av_r/x/y/theta/t_err: -0.08599 0.00000 -0.47142 -0.92291 0.52314 0.31758 -0.40364 0.31758 -0.40364 0 0 139.92682 -0.08599
fb: -0.20739 0.65969 0.46154 -0.26027
fb: -0.19968 0.58827 0.45768 -0.26413
target: 0.00000 -0.21110
dist/lin/ang/drive_left/drive_right/tv_l/tv_r/av_l/av_r/x/y/theta/t_err: -0.19423 0.00000 -1.61376 -0.78795 0.38860 0.46986 -0.46150 0.46986 -0.46150 0 0 146.12851 -0.19423
fb: -0.17078 0.51504 0.85289 -0.86200
fb: -0.17056 0.44063 0.85289 -0.86200
target: 0.00000 -0.30217
dist/lin/ang/drive_left/drive_right/tv_l/tv_r/av_l/av_r/x/y/theta/t_err: -0.28153 0.00000 -2.30998 -0.61119 0.27007 0.35864 -0.32392 0.35864 -0.32392 0 0 151.13063 -0.28153
fb: -0.18424 0.36580 0.74343 -0.57012
fb: -0.18425 0.29333 0.74343 -0.57012
target: 0.00000 -0.36073
dist/lin/ang/drive_left/drive_right/tv_l/tv_r/av_l/av_r/x/y/theta/t_err: -0.34620 0.00000 -2.75764 -0.47758 0.10909 0.44164 -0.48731 0.44164 -0.48731 0 0 154.83584 -0.34620
fb: -0.19396 0.22004 0.64120 -0.45935
fb: -0.20168 0.15433 0.64506 -0.45549
target: 0.00000 -0.39597
dist/lin/ang/drive_left/drive_right/tv_l/tv_r/av_l/av_r/x/y/theta/t_err: -0.38834 0.00000 -3.02705 -0.35601 -0.04735 0.31381 -0.31892 0.31381 -0.31892 0 0 157.25026 -0.38834
fb: -0.21338 0.09546 0.56960 -0.36904
fb: -0.19793 0.03588 0.56188 -0.37676
target: 0.00000 -0.41320
dist/lin/ang/drive_left/drive_right/tv_l/tv_r/av_l/av_r/x/y/theta/t_err: -0.40983 0.00000 -3.15879 -0.23381 -0.16205 0.46917 -0.39850 0.46917 -0.39850 0 0 158.48137 -0.40983
fb: -0.16660 -0.02139 0.39342 -0.40658
fb: -0.13968 -0.07490 0.39342 -0.40658
target: 0.00000 -0.41583
dist/lin/ang/drive_left/drive_right/tv_l/tv_r/av_l/av_r/x/y/theta/t_err: -0.41315 0.00000 -3.17885 -0.06478 -0.21458 0.29092 -0.36325 0.29092 -0.36325 0 0 158.67168 -0.41315
fb: -0.14166 -0.12340 0.32943 -0.34264
fb: -0.15314 -0.16318 0.32943 -0.34264
target: 0.00000 -0.40526
dist/lin/ang/drive_left/drive_right/tv_l/tv_r/av_l/av_r/x/y/theta/t_err: -0.39985 0.00000 -3.09808 0.01004 -0.31632 0.31794 -0.36753 0.31794 -0.36753 0 0 157.90988 -0.39985
fb: -0.13968 -0.19885 0.26300 -0.27600
fb: -0.13769 -0.22868 0.26300 -0.27600
target: 0.00000 -0.38378
dist/lin/ang/drive_left/drive_right/tv_l/tv_r/av_l/av_r/x/y/theta/t_err: -0.37350 0.00000 -2.93391 0.09099 -0.36637 0.30269 -0.32528 0.30269 -0.32528 0 0 156.39989 -0.37350
fb: -0.13173 -0.25188 0.19952 -0.21209
fb: -0.12423 -0.26560 0.19952 -0.21209
target: 0.00000 -0.35334
dist/lin/ang/drive_left/drive_right/tv_l/tv_r/av_l/av_r/x/y/theta/t_err: -0.33768 0.00000 -2.70117 0.14137 -0.38983 0.24964 -0.25683 0.24964 -0.25683 0 0 154.34740 -0.33768
fb: -0.10878 -0.27515 0.13876 -0.15072
fb: -0.09885 -0.27835 0.13876 -0.15072
target: 0.00000 -0.31647
dist/lin/ang/drive_left/drive_right/tv_l/tv_r/av_l/av_r/x/y/theta/t_err: -0.29671 0.00000 -2.41931 0.17950 -0.37721 0.17692 -0.20003 0.17692 -0.20003 0 0 152.00022 -0.29671
fb: -0.10459 -0.27675 0.08514 -0.09636
fb: -0.09687 -0.27320 0.08514 -0.09636
target: 0.00000 -0.27540
dist/lin/ang/drive_left/drive_right/tv_l/tv_r/av_l/av_r/x/y/theta/t_err: -0.25420 0.00000 -2.10536 0.17633 -0.37007 0.12319 -0.14717 0.12319 -0.14717 0 0 149.56444 -0.25420
fb: -0.09113 -0.26867 -0.03931 -0.04914
fb: -0.09312 -0.26421 -0.03931 -0.04914
target: 0.00000 -0.23169
dist/lin/ang/drive_left/drive_right/tv_l/tv_r/av_l/av_r/x/y/theta/t_err: -0.21256 0.00000 -1.77119 0.17109 -0.35733 0.06006 -0.09736 0.06006 -0.09736 0 0 147.17863 -0.21256
fb: -0.10283 -0.25731 -0.08050 0.08076
fb: -0.09709 -0.24909 -0.08050 0.08076
target: 0.00000 -0.18527
dist/lin/ang/drive_left/drive_right/tv_l/tv_r/av_l/av_r/x/y/theta/t_err: -0.17241 0.00000 -1.41630 0.15200 -0.34618 -0.03561 -0.02706 -0.03561 -0.02706 0 0 144.87836 -0.17241
fb: -0.08738 -0.23732 -0.12380 0.12499
fb: -0.07745 -0.21537 -0.12380 0.12499
target: 0.00000 -0.13648
dist/lin/ang/drive_left/drive_right/tv_l/tv_r/av_l/av_r/x/y/theta/t_err: -0.13474 0.00000 -1.04336 0.13792 -0.29282 -0.08675 0.08283 -0.08675 0.08283 0 0 142.72030 -0.13474
fb: -0.05803 -0.18130 -0.16711 0.16928
fb: -0.03884 -0.13517 -0.16711 0.16928
target: 0.00000 -0.09012
dist/lin/ang/drive_left/drive_right/tv_l/tv_r/av_l/av_r/x/y/theta/t_err: -0.10325 0.00000 -0.68895 0.09634 -0.17401 -0.12183 0.12233 -0.12183 0.12233 0 0 140.91569 -0.10325
fb: -0.02913 -0.08507 -0.18726 0.19035
fb: -0.03884 -0.03156 -0.18726 0.19035
target: 0.00000 -0.05906
dist/lin/ang/drive_left/drive_right/tv_l/tv_r/av_l/av_r/x/y/theta/t_err: -0.08449 0.00000 -0.45150 -0.00727 -0.07040 -0.15692 0.15417 -0.15692 0.15417 0 0 139.84079 -0.08449
fb: -0.04656 0.00585 -0.13923 0.14294
fb: -0.03486 0.03414 -0.13923 0.14294
target: 0.00000 -0.05263
dist/lin/ang/drive_left/drive_right/tv_l/tv_r/av_l/av_r/x/y/theta/t_err: -0.08084 0.00000 -0.40235 -0.06901 -0.00072 -0.16631 0.16667 -0.16631 0.16667 0 0 139.63173 -0.08084
fb: -0.02339 0.05351 0.04535 -0.05130
fb: -0.01942 0.06243 0.04535 -0.05130
target: 0.00000 -0.06297
dist/lin/ang/drive_left/drive_right/tv_l/tv_r/av_l/av_r/x/y/theta/t_err: -0.08675 0.00000 -0.48139 -0.08185 0.04301 -0.10969 0.09050 -0.10969 0.09050 0 0 139.97017 -0.08675
fb: -0.01147 0.06556 0.12774 -0.13390
fb: -0.00772 0.06292 0.12774 -0.13390
target: 0.00000 -0.07914
dist/lin/ang/drive_left/drive_right/tv_l/tv_r/av_l/av_r/x/y/theta/t_err: -0.09640 0.00000 -0.60498 -0.07064 0.05519 0.04192 -0.05872 0.04192 -0.05872 0 0 140.52326 -0.09640
fb: -0.00772 0.05699 0.16480 -0.17127
fb: -0.01169 0.05058 0.16480 -0.17127
target: 0.00000 -0.09406
dist/lin/ang/drive_left/drive_right/tv_l/tv_r/av_l/av_r/x/y/theta/t_err: -0.10576 0.00000 -0.71907 -0.06228 0.03889 0.11756 -0.12661 0.11756 -0.12661 0 0 141.05969 -0.10576
fb: -0.01169 0.04222 0.16920 -0.17597
fb: -0.01147 0.02139 0.16920 -0.17597
target: 0.00000 -0.10541
dist/lin/ang/drive_left/drive_right/tv_l/tv_r/av_l/av_r/x/y/theta/t_err: -0.11317 0.00000 -0.80581 -0.03286 0.00992 0.14714 -0.15486 0.14714 -0.15486 0 0 141.48422 -0.11317
fb: -0.01942 -0.01178 0.16071 -0.16771
fb: -0.01567 -0.04390 0.16071 -0.16771
target: 0.00000 -0.10819
dist/lin/ang/drive_left/drive_right/tv_l/tv_r/av_l/av_r/x/y/theta/t_err: -0.11502 0.00000 -0.82706 0.02823 -0.05956 0.14922 -0.15586 0.14922 -0.15586 0 0 141.59040 -0.11502
fb: -0.00772 -0.06522 0.12402 -0.13107
fb: -0.00772 -0.07957 0.12402 -0.13107
target: 0.00000 -0.09695
dist/lin/ang/drive_left/drive_right/tv_l/tv_r/av_l/av_r/x/y/theta/t_err: -0.10762 0.00000 -0.74115 0.07185 -0.08729 0.14986 -0.15039 0.14986 -0.15039 0 0 141.16641 -0.10762
fb: -0.01169 -0.09002 0.05341 -0.06024
fb: -0.01169 -0.09518 0.05341 -0.06024
target: 0.00000 -0.07699
dist/lin/ang/drive_left/drive_right/tv_l/tv_r/av_l/av_r/x/y/theta/t_err: -0.09509 0.00000 -0.58858 0.08348 -0.10687 0.09769 -0.12253 0.09769 -0.12253 0 0 140.44816 -0.09509
fb: -0.01169 -0.09748 -0.07725 0.08060
fb: -0.01920 -0.09385 -0.07725 0.08060
target: 0.00000 -0.05188
dist/lin/ang/drive_left/drive_right/tv_l/tv_r/av_l/av_r/x/y/theta/t_err: -0.08042 0.00000 -0.39659 0.07466 -0.11305 0.01028 -0.04944 0.01028 -0.04944 0 0 139.60755 -0.08042
fb: -0.01942 -0.08612 -0.11728 0.12113
fb: -0.01567 -0.07839 -0.11728 0.12113
target: 0.00000 -0.02558
dist/lin/ang/drive_left/drive_right/tv_l/tv_r/av_l/av_r/x/y/theta/t_err: -0.06637 0.00000 -0.19557 0.06272 -0.09405 -0.07992 0.07889 -0.07992 0.07889 0 0 138.80281 -0.06637
fb: -0.01147 -0.07009 -0.14021 0.14460
fb: -0.01169 -0.05943 -0.14021 0.14460
target: 0.00000 -0.00149
dist/lin/ang/drive_left/drive_right/tv_l/tv_r/av_l/av_r/x/y/theta/t_err: -0.05469 0.00000 -0.01141 0.04774 -0.07113 -0.11567 0.11431 -0.11567 0.11431 0 0 138.13332 -0.05469
fb: -0.01169 -0.04174 -0.14643 0.15129
fb: -0.00375 -0.01143 -0.14643 0.15129
target: 0.00000 -0.00000
dist/lin/ang/drive_left/drive_right/tv_l/tv_r/av_l/av_r/x/y/theta/t_err: -0.04634 0.00000 -0.00000 0.00768 -0.01518 -0.13278 0.12972 -0.13278 0.12972 0 0 137.65513 -0.04634
fb: 0.00000 0.02390 -0.04574 0.05063
fb: -0.00397 0.04557 -0.04574 0.05063
target: 0.00000 0.00000
dist/lin/ang/drive_left/drive_right/tv_l/tv_r/av_l/av_r/x/y/theta/t_err: -0.04598 0.00000 0.00000 -0.04954 0.04160 -0.09683 0.12797 -0.09683 0.12797 0 0 137.63442 -0.04598
fb: -0.00397 0.05393 -0.03902 0.04392
fb: 0.00000 0.05623 -0.03902 0.04392
target: 0.00000 0.00000
dist/lin/ang/drive_left/drive_right/tv_l/tv_r/av_l/av_r/x/y/theta/t_err: -0.05310 0.00000 0.00000 -0.05623 0.05623 -0.04208 0.05306 -0.04208 0.05306 0 0 138.04245 -0.05310
fb: -0.00177 0.05309 0.00000 0.00000
fb: -0.00177 0.04829 0.00000 0.00000
target: 0.00000 -0.01594
dist/lin/ang/drive_left/drive_right/tv_l/tv_r/av_l/av_r/x/y/theta/t_err: -0.06156 0.00000 -0.12186 -0.05005 0.04652 -0.02086 0.03903 -0.02086 0.03903 0 0 138.52707 -0.06156
fb: 0.00000 0.04445 0.12143 -0.12665
fb: -0.00199 0.04020 0.12143 -0.12665
target: 0.00000 -0.03038
dist/lin/ang/drive_left/drive_right/tv_l/tv_r/av_l/av_r/x/y/theta/t_err: -0.06883 0.00000 -0.23223 -0.04219 0.03822 0.04414 -0.01061 0.04414 -0.01061 0 0 138.94380 -0.06883
fb: -0.00199 0.03574 0.12434 -0.12984
fb: 0.00000 0.03052 0.12434 -0.12984
target: 0.00000 -0.04169
dist/lin/ang/drive_left/drive_right/tv_l/tv_r/av_l/av_r/x/y/theta/t_err: -0.07482 0.00000 -0.31873 -0.03052 0.03052 0.11344 -0.10814 0.11344 -0.10814 0 0 139.28668 -0.07482
fb: 0.00000 0.02348 0.11788 -0.12360
fb: 0.00000 0.01247 0.11788 -0.12360
target: 0.00000 -0.04966
dist/lin/ang/drive_left/drive_right/tv_l/tv_r/av_l/av_r/x/y/theta/t_err: -0.07918 0.00000 -0.37965 -0.01247 0.01247 0.11653 -0.11653 0.11653 -0.11653 0 0 139.53676 -0.07918
fb: 0.00000 -0.00836 0.10816 -0.11405
fb: 0.00000 -0.03310 0.10816 -0.11405
target: 0.00000 -0.05153
dist/lin/ang/drive_left/drive_right/tv_l/tv_r/av_l/av_r/x/y/theta/t_err: -0.08022 0.00000 -0.39393 0.03310 -0.03310 0.10453 -0.11431 0.10453 -0.11431 0 0 139.59639 -0.08022
fb: 0.00000 -0.05086 0.08195 -0.08788
fb: 0.00000 -0.05895 0.08195 -0.08788
target: 0.00000 -0.04119
dist/lin/ang/drive_left/drive_right/tv_l/tv_r/av_l/av_r/x/y/theta/t_err: -0.07454 0.00000 -0.31486 0.05895 -0.05895 0.09000 -0.10400 0.09000 -0.10400 0 0 139.27106 -0.07454
fb: 0.00000 -0.06159 -0.05797 0.06204
fb: 0.00000 -0.06090 -0.05797 0.06204
final error was -3.74760
position: 1.75689 -1.93062 138.74760
took 1.28000 time to finish turn
target: 0.00000 0.15697
dist/lin/ang/drive_left/drive_right/tv_l/tv_r/av_l/av_r/x/y/theta/t_err: 2.35619 0.00000 1.20000 0.00000 0.00000 0.00000 0.00000 0.00000 0.00000 0 0 0.00030 2.35619
fb: 0.00000 0.00000 -0.85057 0.85860
fb: 0.00000 0.00000 -0.85057 0.85860
target: 0.00000 0.31394
dist/lin/ang/drive_left/drive_right/tv_l/tv_r/av_l/av_r/x/y/theta/t_err: 2.35618 0.00000 2.40000 0.00000 0.00000 -0.08333 0.00017 -0.08333 0.00017 0 0 0.00061 2.35618
fb: 0.00000 0.00362 -0.95574 0.96691
fb: 0.00000 0.02655 -0.95574 0.96691
target: 0.00000 0.47092
dist/lin/ang/drive_left/drive_right/tv_l/tv_r/av_l/av_r/x/y/theta/t_err: 2.35606 0.00000 3.60000 -0.02655 0.02655 -0.42264 0.45892 -0.42264 0.45892 0 0 0.00762 2.35606
fb: 0.00000 0.07664 -1.00000 1.00000
fb: 0.00000 0.12632 -1.00000 1.00000
target: 0.00000 0.62789
dist/lin/ang/drive_left/drive_right/tv_l/tv_r/av_l/av_r/x/y/theta/t_err: 2.34974 0.00000 4.80000 -0.12632 0.12632 -0.49383 0.49983 -0.49383 0.49983 0 0 0.36980 2.34974
fb: 0.00000 0.17691 -1.00000 1.00000
fb: 0.00000 0.22310 -1.00000 1.00000
target: 0.00000 0.78486
dist/lin/ang/drive_left/drive_right/tv_l/tv_r/av_l/av_r/x/y/theta/t_err: 2.32849 0.00000 6.00000 -0.22310 0.22310 -0.53303 0.55783 -0.53303 0.55783 0 0 1.58742 2.32849
fb: 0.00000 0.27083 -1.00000 1.00000
fb: 0.00000 0.32239 -1.00000 1.00000
target: 0.00000 0.78486
dist/lin/ang/drive_left/drive_right/tv_l/tv_r/av_l/av_r/x/y/theta/t_err: 2.29261 0.00000 6.00000 -0.32239 0.32239 -0.66869 0.70136 -0.66869 0.70136 0 0 3.64331 2.29261
fb: -0.00199 0.37451 -0.56488 0.58547
fb: -0.00199 0.41896 -0.56488 0.58547
target: 0.00000 0.78486
dist/lin/ang/drive_left/drive_right/tv_l/tv_r/av_l/av_r/x/y/theta/t_err: 2.24152 0.00000 6.00000 -0.42095 0.41697 -0.66631 0.64833 -0.66631 0.64833 0 0 6.57019 2.24152
fb: -0.01743 0.45756 -0.56488 0.58547
fb: -0.03685 0.48237 -0.56488 0.58547
target: 0.00000 0.78486
dist/lin/ang/drive_left/drive_right/tv_l/tv_r/av_l/av_r/x/y/theta/t_err: 2.17624 0.00000 6.00000 -0.51921 0.44552 -0.36633 0.33247 -0.36633 0.33247 0 0 10.31090 2.17624
fb: -0.04082 0.49574 -0.56488 0.58547
fb: -0.04258 0.51463 -0.56488 0.58547
target: 0.00000 0.78486
dist/lin/ang/drive_left/drive_right/tv_l/tv_r/av_l/av_r/x/y/theta/t_err: 2.10229 0.00000 6.00000 -0.55721 0.47204 -0.50272 0.51606 -0.50272 0.51606 0 0 14.54767 2.10229
fb: -0.04060 0.53943 -0.56488 0.58547
fb: -0.03883 0.56828 -0.56488 0.58547
target: 0.00000 0.78486
dist/lin/ang/drive_left/drive_right/tv_l/tv_r/av_l/av_r/x/y/theta/t_err: 2.02285 0.00000 6.00000 -0.60711 0.52944 -0.53986 0.55608 -0.53986 0.55608 0 0 19.09911 2.02285
fb: -0.03685 0.59838 -0.56488 0.58547
fb: -0.03486 0.63070 -0.56488 0.58547
target: 0.00000 0.78486
dist/lin/ang/drive_left/drive_right/tv_l/tv_r/av_l/av_r/x/y/theta/t_err: 1.93508 0.00000 6.00000 -0.66557 0.59584 -0.54497 0.55781 -0.54497 0.55781 0 0 24.12796 1.93508
fb: -0.03685 0.66018 -0.56488 0.58547
fb: -0.04457 0.68826 -0.56488 0.58547
target: 0.00000 0.78486
dist/lin/ang/drive_left/drive_right/tv_l/tv_r/av_l/av_r/x/y/theta/t_err: 1.83782 0.00000 6.00000 -0.73283 0.64369 -0.54789 0.56125 -0.54789 0.56125 0 0 29.70050 1.83782
fb: -0.05053 0.71383 -0.56488 0.58547
fb: -0.05052 0.73773 -0.56488 0.58547
target: 0.00000 0.78486
dist/lin/ang/drive_left/drive_right/tv_l/tv_r/av_l/av_r/x/y/theta/t_err: 1.73193 0.00000 6.00000 -0.78825 0.68720 -0.55114 0.56331 -0.55114 0.56331 0 0 35.76778 1.73193
fb: -0.05604 0.75919 -0.56488 0.58547
fb: -0.06398 0.77918 -0.56488 0.58547
target: 0.00000 0.78486
dist/lin/ang/drive_left/drive_right/tv_l/tv_r/av_l/av_r/x/y/theta/t_err: 1.61865 0.00000 6.00000 -0.84317 0.71520 -0.54806 0.56139 -0.54806 0.56139 0 0 42.25817 1.61865
fb: -0.06222 0.79981 -0.56488 0.58547
fb: -0.06597 0.81737 -0.56488 0.58547
target: 0.00000 0.78486
dist/lin/ang/drive_left/drive_right/tv_l/tv_r/av_l/av_r/x/y/theta/t_err: 1.49905 0.00000 6.00000 -0.88333 0.75140 -0.54806 0.56092 -0.54806 0.56092 0 0 49.11075 1.49905
fb: -0.07744 0.83569 -0.56488 0.58547
fb: -0.08141 0.85227 -0.56488 0.58547
target: 0.00000 0.78486
dist/lin/ang/drive_left/drive_right/tv_l/tv_r/av_l/av_r/x/y/theta/t_err: 1.37366 0.00000 6.00000 -0.93368 0.77086 -0.54875 0.56092 -0.54875 0.56092 0 0 56.29501 1.37366
fb: -0.07964 0.86607 -0.56488 0.58547
fb: -0.09112 0.87541 -0.56488 0.58547
target: 0.00000 0.78486
dist/lin/ang/drive_left/drive_right/tv_l/tv_r/av_l/av_r/x/y/theta/t_err: 1.24316 0.00000 6.00000 -0.96652 0.78429 -0.54978 0.56314 -0.54978 0.56314 0 0 63.77206 1.24316
fb: -0.10854 0.88523 -0.56488 0.58547
fb: -0.11251 0.89554 -0.56488 0.58547
target: 0.00000 0.78486
dist/lin/ang/drive_left/drive_right/tv_l/tv_r/av_l/av_r/x/y/theta/t_err: 1.10919 0.00000 6.00000 -1.00806 0.78303 -0.54786 0.56244 -0.54786 0.56244 0 0 71.44815 1.10919
fb: -0.10656 0.90446 -0.56488 0.58547
fb: -0.10457 0.91610 -0.56488 0.58547
target: 0.00000 0.78486
dist/lin/ang/drive_left/drive_right/tv_l/tv_r/av_l/av_r/x/y/theta/t_err: 0.97218 0.00000 6.00000 -1.02067 0.81153 -0.54894 0.56278 -0.54894 0.56278 0 0 79.29820 0.97218
fb: -0.10678 0.92634 -0.56488 0.58547
fb: -0.11053 0.93818 -0.56488 0.58547
target: 0.00000 0.78486
dist/lin/ang/drive_left/drive_right/tv_l/tv_r/av_l/av_r/x/y/theta/t_err: 0.83198 0.00000 6.00000 -1.04871 0.82766 -0.55064 0.56208 -0.55064 0.56208 0 0 87.33102 0.83198
fb: -0.12597 0.94682 -0.56488 0.58547
fb: -0.12795 0.95177 -0.56488 0.58547
target: 0.00000 0.78486
dist/lin/ang/drive_left/drive_right/tv_l/tv_r/av_l/av_r/x/y/theta/t_err: 0.68841 0.00000 6.00000 -1.07973 0.82382 -0.55183 0.56142 -0.55183 0.56142 0 0 95.55718 0.68841
fb: -0.12795 0.95748 -0.56488 0.58547
fb: -0.13965 0.96369 -0.56488 0.58547
target: 0.00000 0.51100
dist/lin/ang/drive_left/drive_right/tv_l/tv_r/av_l/av_r/x/y/theta/t_err: 0.54272 0.00000 3.90641 -1.10333 0.82404 -0.55475 0.56328 -0.55475 0.56328 0 0 103.90447 0.54272
fb: -0.14163 0.97010 0.92903 -0.92371
fb: -0.14163 0.97762 0.92903 -0.92371
target: 0.00000 0.40149
dist/lin/ang/drive_left/drive_right/tv_l/tv_r/av_l/av_r/x/y/theta/t_err: 0.39516 0.00000 3.06926 -1.11925 0.83599 -0.46611 0.29925 -0.46611 0.29925 0 0 112.35893 0.39516
fb: -0.15310 0.97776 0.26281 -0.25968
fb: -0.16082 0.95783 0.26281 -0.25968
target: 0.00000 0.26678
dist/lin/ang/drive_left/drive_right/tv_l/tv_r/av_l/av_r/x/y/theta/t_err: 0.24569 0.00000 2.03948 -1.11866 0.79701 0.07256 -0.12044 0.07256 -0.12044 0 0 120.92278 0.24569
fb: -0.16877 0.90767 0.46645 -0.46601
fb: -0.17252 0.85137 0.46645 -0.46601
target: 0.00000 0.08751
dist/lin/ang/drive_left/drive_right/tv_l/tv_r/av_l/av_r/x/y/theta/t_err: 0.10160 0.00000 0.66899 -1.02389 0.67885 0.24642 -0.26350 0.24642 -0.26350 0 0 129.17885 0.10160
fb: -0.18025 0.79946 0.87725 -0.70015
fb: -0.20364 0.72964 0.88895 -0.68845
target: 0.00000 0.00000
dist/lin/ang/drive_left/drive_right/tv_l/tv_r/av_l/av_r/x/y/theta/t_err: -0.02693 0.00000 0.00000 -0.93328 0.52601 0.39269 -0.40294 0.39269 -0.40294 0 0 136.54276 -0.02693
fb: -0.20166 0.65642 0.53365 -0.33688
fb: -0.19394 0.58451 0.52979 -0.34074
target: 0.00000 -0.13796
dist/lin/ang/drive_left/drive_right/tv_l/tv_r/av_l/av_r/x/y/theta/t_err: -0.13582 0.00000 -1.05467 -0.77845 0.39057 0.37953 -0.32717 0.37953 -0.32717 0 0 142.78185 -0.13582
fb: -0.20167 0.51825 0.85312 -0.65910
fb: -0.19792 0.44864 0.85124 -0.66098
target: 0.00000 -0.24298
dist/lin/ang/drive_left/drive_right/tv_l/tv_r/av_l/av_r/x/y/theta/t_err: -0.22295 0.00000 -1.85749 -0.64656 0.25072 0.40658 -0.34189 0.40658 -0.34189 0 0 147.77432 -0.22295
fb: -0.21535 0.37876 0.78207 -0.57647
fb: -0.20940 0.30769 0.77910 -0.57945
target: 0.00000 -0.30928
dist/lin/ang/drive_left/drive_right/tv_l/tv_r/av_l/av_r/x/y/theta/t_err: -0.28903 0.00000 -2.36433 -0.51709 0.09829 0.47108 -0.30986 0.47108 -0.30986 0 0 151.56003 -0.28903
fb: -0.18601 0.23745 0.63759 -0.46266
fb: -0.19594 0.17189 0.64256 -0.45769
target: 0.00000 -0.34961
dist/lin/ang/drive_left/drive_right/tv_l/tv_r/av_l/av_r/x/y/theta/t_err: -0.33341 0.00000 -2.67263 -0.36783 -0.02405 0.45447 -0.45464 0.45447 -0.45464 0 0 154.10285 -0.33341
fb: -0.18822 0.10772 0.54885 -0.37252
fb: -0.17829 0.04599 0.54389 -0.37748
target: 0.00000 -0.37019
dist/lin/ang/drive_left/drive_right/tv_l/tv_r/av_l/av_r/x/y/theta/t_err: -0.35728 0.00000 -2.83001 -0.22428 -0.13231 0.28694 -0.41681 0.28694 -0.41681 0 0 155.47083 -0.35728
fb: -0.16880 -0.01150 0.37969 -0.39199
fb: -0.14365 -0.06961 0.37969 -0.39199
target: 0.00000 -0.37437
dist/lin/ang/drive_left/drive_right/tv_l/tv_r/av_l/av_r/x/y/theta/t_err: -0.36223 0.00000 -2.86193 -0.07404 -0.21326 0.42606 -0.35967 0.42606 -0.35967 0 0 155.75401 -0.36223
fb: -0.13173 -0.12305 0.30864 -0.32102
fb: -0.12401 -0.16297 0.30864 -0.32102
target: 0.00000 -0.36357
dist/lin/ang/drive_left/drive_right/tv_l/tv_r/av_l/av_r/x/y/theta/t_err: -0.34951 0.00000 -2.77936 0.03896 -0.28698 0.32611 -0.36308 0.32611 -0.36308 0 0 155.02542 -0.34951
fb: -0.12026 -0.19426 0.23401 -0.24618
fb: -0.12224 -0.22045 0.23401 -0.24618
target: 0.00000 -0.34077
dist/lin/ang/drive_left/drive_right/tv_l/tv_r/av_l/av_r/x/y/theta/t_err: -0.32341 0.00000 -2.60509 0.09821 -0.34270 0.29142 -0.29756 0.29142 -0.29756 0 0 153.53026 -0.32341
fb: -0.10856 -0.23829 0.16476 -0.17647
fb: -0.10459 -0.24596 0.16476 -0.17647
target: 0.00000 -0.30926
dist/lin/ang/drive_left/drive_right/tv_l/tv_r/av_l/av_r/x/y/theta/t_err: -0.28901 0.00000 -2.36419 0.14136 -0.35055 0.22914 -0.22619 0.22914 -0.22619 0 0 151.55895 -0.28901
fb: -0.10283 -0.24965 0.10442 -0.11550
fb: -0.08341 -0.24874 0.10442 -0.11550
target: 0.00000 -0.27246
dist/lin/ang/drive_left/drive_right/tv_l/tv_r/av_l/av_r/x/y/theta/t_err: -0.25127 0.00000 -2.08283 0.16533 -0.33215 0.16614 -0.17128 0.16614 -0.17128 0 0 149.39687 -0.25127
fb: -0.07171 -0.24589 0.05595 -0.06629
fb: -0.07193 -0.24108 0.05595 -0.06629
target: 0.00000 -0.23251
dist/lin/ang/drive_left/drive_right/tv_l/tv_r/av_l/av_r/x/y/theta/t_err: -0.21330 0.00000 -1.77746 0.16914 -0.31301 0.10864 -0.12097 0.10864 -0.12097 0 0 147.22143 -0.21330
fb: -0.07767 -0.23495 -0.06299 0.06324
fb: -0.07944 -0.22784 -0.06299 0.06324
target: 0.00000 -0.19035
dist/lin/ang/drive_left/drive_right/tv_l/tv_r/av_l/av_r/x/y/theta/t_err: -0.17660 0.00000 -1.45519 0.14840 -0.30728 0.06297 -0.06350 0.06297 -0.06350 0 0 145.11866 -0.17660
fb: -0.06598 -0.22059 -0.10119 0.10228
fb: -0.06399 -0.21063 -0.10119 0.10228
target: 0.00000 -0.14632
dist/lin/ang/drive_left/drive_right/tv_l/tv_r/av_l/av_r/x/y/theta/t_err: -0.14197 0.00000 -1.11855 0.14664 -0.27462 -0.04758 0.05083 -0.04758 0.05083 0 0 143.13404 -0.14197
fb: -0.07171 -0.19028 -0.13915 0.14112
fb: -0.05428 -0.15795 -0.13915 0.14112
target: 0.00000 -0.10150
dist/lin/ang/drive_left/drive_right/tv_l/tv_r/av_l/av_r/x/y/theta/t_err: -0.11059 0.00000 -0.77595 0.10367 -0.21224 -0.09667 0.10028 -0.09667 0.10028 0 0 141.33644 -0.11059
fb: -0.03111 -0.11671 -0.17269 0.17555
fb: -0.01743 -0.06954 -0.17269 0.17555
target: 0.00000 -0.06527
dist/lin/ang/drive_left/drive_right/tv_l/tv_r/av_l/av_r/x/y/theta/t_err: -0.08809 0.00000 -0.49900 0.05210 -0.08697 -0.12681 0.13689 -0.12681 0.13689 0 0 140.04721 -0.08809
fb: -0.01545 -0.01756 -0.15831 0.16190
fb: -0.01942 0.02473 -0.15831 0.16190
target: 0.00000 -0.05018
dist/lin/ang/drive_left/drive_right/tv_l/tv_r/av_l/av_r/x/y/theta/t_err: -0.07947 0.00000 -0.38363 -0.04415 0.00532 -0.15794 0.15569 -0.15794 0.15569 0 0 139.55333 -0.07947
fb: -0.01545 0.04884 -0.07332 0.07721
fb: -0.01169 0.06020 -0.07332 0.07721
target: 0.00000 -0.05816
dist/lin/ang/drive_left/drive_right/tv_l/tv_r/av_l/av_r/x/y/theta/t_err: -0.08397 0.00000 -0.44458 -0.07189 0.04850 -0.13653 0.14219 -0.13653 0.14219 0 0 139.81107 -0.08397
fb: -0.00772 0.06703 0.11387 -0.11992
fb: -0.00375 0.06870 0.11387 -0.11992
target: 0.00000 -0.07429
dist/lin/ang/drive_left/drive_right/tv_l/tv_r/av_l/av_r/x/y/theta/t_err: -0.09345 0.00000 -0.56789 -0.07245 0.06495 -0.05286 0.05186 -0.05286 0.05186 0 0 140.35421 -0.09345
fb: 0.00000 0.06522 0.16138 -0.16776
fb: 0.00000 0.06062 0.16138 -0.16776
target: 0.00000 -0.09098
dist/lin/ang/drive_left/drive_right/tv_l/tv_r/av_l/av_r/x/y/theta/t_err: -0.10379 0.00000 -0.69548 -0.06062 0.06062 0.10167 -0.10078 0.10167 -0.10078 0 0 140.94675 -0.10379
fb: 0.00000 0.05525 0.17508 -0.18179
fb: 0.00000 0.04431 0.17508 -0.18179
target: 0.00000 -0.10498
dist/lin/ang/drive_left/drive_right/tv_l/tv_r/av_l/av_r/x/y/theta/t_err: -0.11288 0.00000 -0.80251 -0.04431 0.04431 0.14731 -0.14936 0.14731 -0.14936 0 0 141.46780 -0.11288
fb: 0.00000 0.01972 0.17236 -0.17935
fb: -0.00794 -0.01881 0.17236 -0.17935
target: 0.00000 -0.11347
dist/lin/ang/drive_left/drive_right/tv_l/tv_r/av_l/av_r/x/y/theta/t_err: -0.11859 0.00000 -0.86746 0.01087 -0.02676 0.15944 -0.16461 0.15944 -0.16461 0 0 141.79464 -0.11859
fb: -0.00794 -0.05072 0.15328 -0.16044
fb: 0.00000 -0.07072 0.15328 -0.16044
target: 0.00000 -0.10755
dist/lin/ang/drive_left/drive_right/tv_l/tv_r/av_l/av_r/x/y/theta/t_err: -0.11459 0.00000 -0.82215 0.07072 -0.07072 0.15792 -0.16203 0.15792 -0.16203 0 0 141.56578 -0.11459
fb: 0.00000 -0.08521 0.08441 -0.09145
fb: 0.00000 -0.09490 0.08441 -0.09145
target: 0.00000 -0.09011
dist/lin/ang/drive_left/drive_right/tv_l/tv_r/av_l/av_r/x/y/theta/t_err: -0.10324 0.00000 -0.68886 0.09490 -0.09490 0.12986 -0.14014 0.12986 -0.14014 0 0 140.91524 -0.10324
fb: -0.00375 -0.10173 -0.05711 0.06020
fb: -0.01147 -0.10270 -0.05711 0.06020
target: 0.00000 -0.06588
dist/lin/ang/drive_left/drive_right/tv_l/tv_r/av_l/av_r/x/y/theta/t_err: -0.08844 0.00000 -0.50363 0.09123 -0.11418 0.05064 -0.03764 0.05064 -0.03764 0 0 140.06752 -0.08844
fb: -0.01545 -0.09678 -0.10392 0.10750
fb: -0.01567 -0.08807 -0.10392 0.10750
target: 0.00000 -0.03827
dist/lin/ang/drive_left/drive_right/tv_l/tv_r/av_l/av_r/x/y/theta/t_err: -0.07298 0.00000 -0.29260 0.07240 -0.10374 -0.05644 0.06842 -0.05644 0.06842 0 0 139.18160 -0.07298
fb: -0.01942 -0.07992 -0.13760 0.14173
fb: -0.01545 -0.06821 -0.13760 0.14173
target: 0.00000 -0.01231
dist/lin/ang/drive_left/drive_right/tv_l/tv_r/av_l/av_r/x/y/theta/t_err: -0.05980 0.00000 -0.09412 0.05277 -0.08366 -0.10472 0.10883 -0.10472 0.10883 0 0 138.42601 -0.05980
fb: -0.00772 -0.05024 -0.14760 0.15225
fb: -0.00375 -0.02397 -0.14760 0.15225
target: 0.00000 0.00000
dist/lin/ang/drive_left/drive_right/tv_l/tv_r/av_l/av_r/x/y/theta/t_err: -0.05010 0.00000 0.00000 0.02022 -0.02772 -0.12936 0.13211 -0.12936 0.13211 0 0 137.87060 -0.05010
fb: 0.00000 0.01171 -0.09443 0.09932
fb: 0.00000 0.03972 -0.09443 0.09932
target: 0.00000 0.00000
dist/lin/ang/drive_left/drive_right/tv_l/tv_r/av_l/av_r/x/y/theta/t_err: -0.04794 0.00000 0.00000 -0.03972 0.03972 -0.12233 0.11911 -0.12233 0.11911 0 0 137.74676 -0.04794
fb: -0.00397 0.05038 0.00000 0.00000
fb: -0.00794 0.05351 0.00000 0.00000
target: 0.00000 -0.00056
dist/lin/ang/drive_left/drive_right/tv_l/tv_r/av_l/av_r/x/y/theta/t_err: -0.05426 0.00000 -0.00425 -0.06145 0.04557 -0.06808 0.05611 -0.06808 0.05611 0 0 138.10858 -0.05426
fb: -0.00397 0.05435 0.04189 -0.04680
fb: -0.00375 0.05177 0.04189 -0.04680
target: 0.00000 -0.01779
dist/lin/ang/drive_left/drive_right/tv_l/tv_r/av_l/av_r/x/y/theta/t_err: -0.06247 0.00000 -0.13597 -0.05552 0.04802 0.00378 -0.00994 0.00378 -0.00994 0 0 138.57904 -0.06247
fb: -0.00375 0.04815 0.12848 -0.13372
fb: 0.00000 0.04424 0.12848 -0.13372
target: 0.00000 -0.03311
dist/lin/ang/drive_left/drive_right/tv_l/tv_r/av_l/av_r/x/y/theta/t_err: -0.07025 0.00000 -0.25310 -0.04424 0.04424 0.06142 -0.06792 0.06142 -0.06792 0 0 139.02526 -0.07025
fb: 0.00000 0.04048 0.13016 -0.13572
fb: -0.00397 0.03644 0.13016 -0.13572
target: 0.00000 -0.04550
dist/lin/ang/drive_left/drive_right/tv_l/tv_r/av_l/av_r/x/y/theta/t_err: -0.07689 0.00000 -0.34785 -0.04041 0.03247 0.11703 -0.12183 0.11703 -0.12183 0 0 139.40534 -0.07689
fb: -0.00772 0.02780 0.12528 -0.13109
fb: -0.00772 0.00683 0.12528 -0.13109
target: 0.00000 -0.05485
dist/lin/ang/drive_left/drive_right/tv_l/tv_r/av_l/av_r/x/y/theta/t_err: -0.08209 0.00000 -0.41934 -0.01455 -0.00089 0.12167 -0.12200 0.12167 -0.12200 0 0 139.70350 -0.08209
fb: -0.01169 -0.02223 0.11786 -0.12385
fb: -0.00772 -0.04445 0.11786 -0.12385
target: 0.00000 -0.05459
dist/lin/ang/drive_left/drive_right/tv_l/tv_r/av_l/av_r/x/y/theta/t_err: -0.08194 0.00000 -0.41730 0.03673 -0.05218 0.11481 -0.12094 0.11481 -0.12094 0 0 139.69484 -0.08194
fb: -0.00397 -0.05693 0.07439 -0.08038
fb: -0.00772 -0.06334 0.07439 -0.08038
final error was -4.28389
position: 1.30957 -1.93253 139.28389
took 1.22000 time to finish turn
decreased to 90.00000
target: 0.00000 0.15697
dist/lin/ang/drive_left/drive_right/tv_l/tv_r/av_l/av_r/x/y/theta/t_err: 1.57080 0.00000 1.20000 0.00000 0.00000 -0.00017 0.00000 -0.00017 0.00000 0 0 -0.00041 1.57080
fb: 0.00000 0.00000 -0.85057 0.85860
fb: 0.00000 0.00000 -0.85057 0.85860
target: 0.00000 0.31394
dist/lin/ang/drive_left/drive_right/tv_l/tv_r/av_l/av_r/x/y/theta/t_err: 1.57080 0.00000 2.40000 0.00000 0.00000 -0.10967 0.07050 -0.10967 0.07050 0 0 -0.00047 1.57080
fb: 0.00000 0.00000 -0.95574 0.96691
fb: 0.00000 0.00000 -0.95574 0.96691
target: 0.00000 0.47092
dist/lin/ang/drive_left/drive_right/tv_l/tv_r/av_l/av_r/x/y/theta/t_err: 1.57081 0.00000 3.60000 0.00000 0.00000 -0.51914 0.38550 -0.51914 0.38550 0 0 -0.00057 1.57081
fb: 0.00000 0.02069 -1.00000 1.00000
fb: 0.00000 0.07086 -1.00000 1.00000
target: 0.00000 0.62789
dist/lin/ang/drive_left/drive_right/tv_l/tv_r/av_l/av_r/x/y/theta/t_err: 1.56978 0.00000 4.80000 -0.07086 0.07086 -0.55197 0.42058 -0.55197 0.42058 0 0 0.05820 1.56978
fb: 0.00000 0.11559 -1.00000 1.00000
fb: 0.00000 0.15614 -1.00000 1.00000
target: 0.00000 0.78486
dist/lin/ang/drive_left/drive_right/tv_l/tv_r/av_l/av_r/x/y/theta/t_err: 1.55740 0.00000 6.00000 -0.15614 0.15614 -0.54206 0.54122 -0.54206 0.54122 0 0 0.76779 1.55740
fb: 0.00000 0.19669 -1.00000 1.00000
fb: 0.00000 0.24115 -1.00000 1.00000
target: 0.00000 0.78486
dist/lin/ang/drive_left/drive_right/tv_l/tv_r/av_l/av_r/x/y/theta/t_err: 1.53210 0.00000 6.00000 -0.24115 0.24115 -0.72825 0.66322 -0.72825 0.66322 0 0 2.21697 1.53210
fb: 0.00000 0.28637 -0.56488 0.58547
fb: 0.00000 0.33542 -0.56488 0.58547
target: 0.00000 0.78486
dist/lin/ang/drive_left/drive_right/tv_l/tv_r/av_l/av_r/x/y/theta/t_err: 1.49360 0.00000 6.00000 -0.33542 0.33542 -0.69708 0.60367 -0.69708 0.60367 0 0 4.42288 1.49360
fb: 0.00000 0.38189 -0.56488 0.58547
fb: 0.00000 0.42300 -0.56488 0.58547
target: 0.00000 0.78486
dist/lin/ang/drive_left/drive_right/tv_l/tv_r/av_l/av_r/x/y/theta/t_err: 1.44075 0.00000 6.00000 -0.42300 0.42300 -0.47139 0.24400 -0.47139 0.24400 0 0 7.45094 1.44075
fb: 0.00000 0.44460 -0.56488 0.58547
fb: 0.00000 0.45840 -0.56488 0.58547
target: 0.00000 0.78486
dist/lin/ang/drive_left/drive_right/tv_l/tv_r/av_l/av_r/x/y/theta/t_err: 1.37568 0.00000 6.00000 -0.45840 0.45840 -0.52753 0.50561 -0.52753 0.50561 0 0 11.17947 1.37568
fb: -0.02913 0.47770 -0.56488 0.58547
fb: -0.05803 0.50717 -0.56488 0.58547
target: 0.00000 0.78486
dist/lin/ang/drive_left/drive_right/tv_l/tv_r/av_l/av_r/x/y/theta/t_err: 1.30502 0.00000 6.00000 -0.56520 0.44914 -0.54053 0.55578 -0.54053 0.55578 0 0 15.22778 1.30502
fb: -0.05428 0.53825 -0.56488 0.58547
fb: -0.05626 0.56772 -0.56488 0.58547
target: 0.00000 0.78486
dist/lin/ang/drive_left/drive_right/tv_l/tv_r/av_l/av_r/x/y/theta/t_err: 1.22645 0.00000 6.00000 -0.62398 0.51145 -0.54481 0.55817 -0.54481 0.55817 0 0 19.72962 1.22645
fb: -0.06001 0.59726 -0.56488 0.58547
fb: -0.05626 0.61942 -0.56488 0.58547
target: 0.00000 0.78486
dist/lin/ang/drive_left/drive_right/tv_l/tv_r/av_l/av_r/x/y/theta/t_err: 1.13877 0.00000 6.00000 -0.67568 0.56315 -0.54500 0.56003 -0.54500 0.56003 0 0 24.75347 1.13877
fb: -0.06597 0.64255 -0.56488 0.58547
fb: -0.08141 0.66554 -0.56488 0.58547
target: 0.00000 0.78486
dist/lin/ang/drive_left/drive_right/tv_l/tv_r/av_l/av_r/x/y/theta/t_err: 1.04340 0.00000 6.00000 -0.74696 0.58413 -0.54653 0.56142 -0.54653 0.56142 0 0 30.21752 1.04340
fb: -0.08737 0.68491 -0.56488 0.58547
fb: -0.07766 0.70665 -0.56488 0.58547
target: 0.00000 0.78486
dist/lin/ang/drive_left/drive_right/tv_l/tv_r/av_l/av_r/x/y/theta/t_err: 0.94116 0.00000 6.00000 -0.78431 0.62899 -0.54464 0.56072 -0.54464 0.56072 0 0 36.07529 0.94116
fb: -0.06200 0.72679 -0.56488 0.58547
fb: -0.06200 0.74748 -0.56488 0.58547
target: 0.00000 0.78486
dist/lin/ang/drive_left/drive_right/tv_l/tv_r/av_l/av_r/x/y/theta/t_err: 0.83265 0.00000 6.00000 -0.80948 0.68548 -0.54564 0.56447 -0.54564 0.56447 0 0 42.29289 0.83265
fb: -0.05803 0.76824 -0.56488 0.58547
fb: -0.05229 0.78748 -0.56488 0.58547
target: 0.00000 0.78486
dist/lin/ang/drive_left/drive_right/tv_l/tv_r/av_l/av_r/x/y/theta/t_err: 0.71776 0.00000 6.00000 -0.83976 0.73519 -0.54825 0.56308 -0.54825 0.56308 0 0 48.87554 0.71776
fb: -0.05626 0.80482 -0.56488 0.58547
fb: -0.06420 0.82287 -0.56488 0.58547
target: 0.00000 0.54737
dist/lin/ang/drive_left/drive_right/tv_l/tv_r/av_l/av_r/x/y/theta/t_err: 0.59690 0.00000 4.18448 -0.88707 0.75867 -0.54911 0.56294 -0.54911 0.56294 0 0 55.80020 0.59690
fb: -0.06994 0.83695 0.74098 -0.73493
fb: -0.07942 0.85109 0.74098 -0.73493
target: 0.00000 0.45976
dist/lin/ang/drive_left/drive_right/tv_l/tv_r/av_l/av_r/x/y/theta/t_err: 0.47077 0.00000 3.51473 -0.93051 0.77167 -0.45361 0.27242 -0.45361 0.27242 0 0 63.02672 0.47077
fb: -0.09884 0.86600 0.12523 -0.12092
fb: -0.11428 0.86502 0.12523 -0.12092
target: 0.00000 0.35551
dist/lin/ang/drive_left/drive_right/tv_l/tv_r/av_l/av_r/x/y/theta/t_err: 0.34017 0.00000 2.71776 -0.97931 0.75074 0.06281 -0.08231 0.06281 -0.08231 0 0 70.50971 0.34017
fb: -0.11627 0.83855 0.26996 -0.26774
fb: -0.11252 0.78086 0.26996 -0.26774
target: 0.00000 0.22797
dist/lin/ang/drive_left/drive_right/tv_l/tv_r/av_l/av_r/x/y/theta/t_err: 0.20919 0.00000 1.74278 -0.89337 0.66834 0.12561 -0.15656 0.12561 -0.15656 0 0 78.01441 0.20919
fb: -0.12024 0.71529 0.46020 -0.46054
fb: -0.13767 0.65962 0.46020 -0.46054
target: 0.00000 0.07285
dist/lin/ang/drive_left/drive_right/tv_l/tv_r/av_l/av_r/x/y/theta/t_err: 0.09259 0.00000 0.55693 -0.79730 0.52195 0.25136 -0.28919 0.25136 -0.28919 0 0 84.69526 0.09259
fb: -0.14937 0.60332 0.68826 -0.69169
fb: -0.15335 0.54124 0.68826 -0.69169
target: 0.00000 0.00000
dist/lin/ang/drive_left/drive_right/tv_l/tv_r/av_l/av_r/x/y/theta/t_err: -0.00623 0.00000 0.00000 -0.69459 0.38790 0.40381 -0.36156 0.40381 -0.36156 0 0 90.35684 -0.00623
fb: -0.15710 0.47421 0.36686 -0.37175
fb: -0.14916 0.40516 0.36686 -0.37175
target: 0.00000 -0.06246
dist/lin/ang/drive_left/drive_right/tv_l/tv_r/av_l/av_r/x/y/theta/t_err: -0.08645 0.00000 -0.47752 -0.55432 0.25601 0.49964 -0.35708 0.49964 -0.35708 0 0 94.95330 -0.08645
fb: -0.16284 0.33695 0.36196 -0.36810
fb: -0.18049 0.26951 0.45221 -0.27786
target: 0.00000 -0.15150
dist/lin/ang/drive_left/drive_right/tv_l/tv_r/av_l/av_r/x/y/theta/t_err: -0.14585 0.00000 -1.15818 -0.45000 0.08901 0.29450 -0.29364 0.29450 -0.29364 0 0 98.35642 -0.14585
fb: -0.18623 0.19913 0.63431 -0.45600
fb: -0.19572 0.13197 0.63906 -0.45126
target: 0.00000 -0.19963
dist/lin/ang/drive_left/drive_right/tv_l/tv_r/av_l/av_r/x/y/theta/t_err: -0.18438 0.00000 -1.52608 -0.32769 -0.06376 0.38569 -0.31658 0.38569 -0.31658 0 0 100.56422 -0.18438
fb: -0.17454 0.07776 0.38934 -0.39822
fb: -0.15910 0.02731 0.38934 -0.39822
target: 0.00000 -0.22073
dist/lin/ang/drive_left/drive_right/tv_l/tv_r/av_l/av_r/x/y/theta/t_err: -0.20270 0.00000 -1.68738 -0.18641 -0.13178 0.47517 -0.38686 0.47517 -0.38686 0 0 101.61371 -0.20270
fb: -0.15512 -0.03331 0.28186 -0.29117
fb: -0.12600 -0.08967 0.28186 -0.29117
target: 0.00000 -0.22270
dist/lin/ang/drive_left/drive_right/tv_l/tv_r/av_l/av_r/x/y/theta/t_err: -0.20445 0.00000 -1.70247 -0.03632 -0.21567 0.34700 -0.34222 0.34700 -0.34222 0 0 101.71440 -0.20445
fb: -0.10658 -0.14040 0.19711 -0.20646
fb: -0.10878 -0.17851 0.19711 -0.20646
target: 0.00000 -0.20479
dist/lin/ang/drive_left/drive_right/tv_l/tv_r/av_l/av_r/x/y/theta/t_err: -0.18878 0.00000 -1.56556 0.06972 -0.28729 0.25803 -0.26008 0.25803 -0.26008 0 0 100.81646 -0.18878
fb: -0.10481 -0.20004 0.09564 -0.10463
fb: -0.10856 -0.20938 0.09564 -0.10463
target: 0.00000 -0.17090
dist/lin/ang/drive_left/drive_right/tv_l/tv_r/av_l/av_r/x/y/theta/t_err: -0.16084 0.00000 -1.30650 0.10081 -0.31794 0.17283 -0.17350 0.17283 -0.17350 0 0 99.21539 -0.16084
fb: -0.10481 -0.21216 -0.07701 0.07849
fb: -0.09885 -0.21167 -0.07701 0.07849
target: 0.00000 -0.12812
dist/lin/ang/drive_left/drive_right/tv_l/tv_r/av_l/av_r/x/y/theta/t_err: -0.12875 0.00000 -0.97942 0.11282 -0.31053 0.04142 -0.05475 0.04142 -0.05475 0 0 97.37703 -0.12875
fb: -0.08716 -0.20652 -0.14571 0.14805
fb: -0.07569 -0.19934 -0.14571 0.14805
target: 0.00000 -0.07957
dist/lin/ang/drive_left/drive_right/tv_l/tv_r/av_l/av_r/x/y/theta/t_err: -0.09666 0.00000 -0.60825 0.12366 -0.27503 -0.08469 0.08164 -0.08469 0.08164 0 0 95.53829 -0.09666
fb: -0.07171 -0.19028 -0.20420 0.20750
fb: -0.04656 -0.17370 -0.20420 0.20750
target: 0.00000 -0.02589
dist/lin/ang/drive_left/drive_right/tv_l/tv_r/av_l/av_r/x/y/theta/t_err: -0.06653 0.00000 -0.19791 0.12714 -0.22026 -0.15244 0.14903 -0.15244 0.14903 0 0 93.81173 -0.06653
fb: -0.02714 -0.14500 -0.26323 0.26760
fb: -0.03486 -0.09866 -0.26323 0.26760
target: 0.00000 0.00000
dist/lin/ang/drive_left/drive_right/tv_l/tv_r/av_l/av_r/x/y/theta/t_err: -0.04121 0.00000 0.00000 0.06380 -0.13352 -0.20258 0.19986 -0.20258 0.19986 0 0 92.36126 -0.04121
fb: -0.04854 -0.04376 -0.15552 0.16041
fb: -0.05230 -0.00418 -0.15552 0.16041
target: 0.00000 0.00000
dist/lin/ang/drive_left/drive_right/tv_l/tv_r/av_l/av_r/x/y/theta/t_err: -0.02833 0.00000 0.00000 -0.04812 -0.05648 -0.21628 0.20603 -0.21628 0.20603 0 0 91.62316 -0.02833
fb: -0.04457 0.03679 0.00000 0.00000
fb: -0.03310 0.06250 0.00000 0.00000
target: 0.00000 0.00000
dist/lin/ang/drive_left/drive_right/tv_l/tv_r/av_l/av_r/x/y/theta/t_err: -0.02932 0.00000 0.00000 -0.09560 0.02940 -0.11892 0.09481 -0.11892 0.09481 0 0 91.67981 -0.02932
fb: -0.02339 0.07246 0.00000 0.00000
fb: -0.01147 0.07239 0.00000 0.00000
final error was -2.23969
position: -0.25324 -1.74691 92.23969
took 0.72000 time to finish turn
WARNING - pros.serial.terminal.terminal:stop - Stopping terminal - pros-cli version:3.5.6

[tomas@nixbtw:~/projects/Robotics/current/Cognex]$

