
[tomas@nixbtw:~/projects/Robotics/current/Cognex]$ t
Not sending analytics for this command.

Established terminal connection



         _+=+_
      .-`  .  `-.          8888888b.  8888888b.   .d88888b.   .d8888b.
   _+`     "     `+_       888   Y88b 888   Y88b d88P" "Y88b d88P  Y88b
  \\\sssssssssssss///      888    888 888    888 888     888 Y88b.
     .ss\  *  /ss.         888   d88P 888   d88P 888     888  "Y888b.
 .+bm  .s  *  s.  md+.     8888888P"  8888888P"  888     888     "Y88b.
.hMMMMs .  *  . sMMMMh.    888        888 T88b   888     888       "888
 `\hMMMb \ | / dMMMh:      888        888  T88b  Y88b. .d88P Y88b  d88P
   -SNMNo  -  oNMNs-       888        888   T88b  "Y88888P"   "Y8888P"
     `+dMh\./dMd/
        `:yNy:`                      Powered by PROS for VEX V5
           "                Copyright (c) Purdue University ACM SIGBots
Version:        4.2.1     Platform:  V1.1.5 (b18)     Uptime:    0.000 s
Compiled:   Jan  1 1980 00:00:00     Directory:


bouncing done
health done
auton done
calibrated!
starting task: 2318296
initializing odom model
timed correctly: 2321168
initializing pf model
initializing smoother model
target: 0.000 0.157
dist/lin/ang/drive_left/drive_right/tv_l/tv_r/av_l/av_r/x/y/theta/t_err: 1.57079 0.00000 1.20000 0.00000 0.00000 0.00000 0.00000 0.00000 0.00000 0 0 0.00015 1.57079
fb: 0.00000 0.00000 -0.85057 0.85860
fb: 0.00000 0.00000 -0.85057 0.85860
target: 0.00000 0.31394
dist/lin/ang/drive_left/drive_right/tv_l/tv_r/av_l/av_r/x/y/theta/t_err: 1.57079 0.00000 2.40000 0.00000 0.00000 -0.08386 -0.00067 -0.08386 -0.00067 0 0 0.00010 1.57079
fb: 0.00000 0.00000 -0.95574 0.96691
fb: 0.00000 0.00279 -0.95574 0.96691
target: 0.00000 0.47092
dist/lin/ang/drive_left/drive_right/tv_l/tv_r/av_l/av_r/x/y/theta/t_err: 1.57079 0.00000 3.60000 -0.00279 0.00279 -0.47911 0.43889 -0.47911 0.43889 0 0 0.00036 1.57079
fb: 0.00000 0.04160 -1.00000 1.00000
fb: 0.00000 0.09929 -1.00000 1.00000
target: 0.00000 0.62789
dist/lin/ang/drive_left/drive_right/tv_l/tv_r/av_l/av_r/x/y/theta/t_err: 1.56835 0.00000 4.80000 -0.09929 0.09929 -0.49933 0.48681 -0.49933 0.48681 0 0 0.14026 1.56835
fb: 0.00000 0.14653 -1.00000 1.00000
fb: 0.00000 0.18269 -1.00000 1.00000
target: 0.00000 0.78486
dist/lin/ang/drive_left/drive_right/tv_l/tv_r/av_l/av_r/x/y/theta/t_err: 1.55154 0.00000 6.00000 -0.18269 0.18269 -0.45308 0.45311 -0.45308 0.45311 0 0 1.10311 1.55154
fb: 0.00000 0.21551 -1.00000 1.00000
fb: 0.00000 0.25425 -1.00000 1.00000
target: 0.00000 0.78486
dist/lin/ang/drive_left/drive_right/tv_l/tv_r/av_l/av_r/x/y/theta/t_err: 1.52254 0.00000 6.00000 -0.25425 0.25425 -0.71097 0.65447 -0.71097 0.65447 0 0 2.76463 1.52254
fb: 0.00000 0.29779 -0.56488 0.58547
fb: 0.00000 0.34636 -0.56488 0.58547
target: 0.00000 0.78486
dist/lin/ang/drive_left/drive_right/tv_l/tv_r/av_l/av_r/x/y/theta/t_err: 1.48212 0.00000 6.00000 -0.34636 0.34636 -0.68481 0.62094 -0.68481 0.62094 0 0 5.08078 1.48212
fb: 0.00000 0.39464 -0.56488 0.58547
fb: 0.00000 0.43638 -0.56488 0.58547
target: 0.00000 0.78486
dist/lin/ang/drive_left/drive_right/tv_l/tv_r/av_l/av_r/x/y/theta/t_err: 1.42741 0.00000 6.00000 -0.43638 0.43638 -0.52822 0.52514 -0.52822 0.52514 0 0 8.21545 1.42741
fb: 0.00000 0.47275 -0.56488 0.58547
fb: 0.00000 0.51051 -0.56488 0.58547
target: 0.00000 0.78486
dist/lin/ang/drive_left/drive_right/tv_l/tv_r/av_l/av_r/x/y/theta/t_err: 1.35959 0.00000 6.00000 -0.51051 0.51051 -0.54256 0.55389 -0.54256 0.55389 0 0 12.10118 1.35959
fb: 0.00000 0.54563 -0.56488 0.58547
fb: 0.00000 0.57476 -0.56488 0.58547
target: 0.00000 0.78486
dist/lin/ang/drive_left/drive_right/tv_l/tv_r/av_l/av_r/x/y/theta/t_err: 1.28049 0.00000 6.00000 -0.57476 0.57476 -0.54514 0.56089 -0.54514 0.56089 0 0 16.63342 1.28049
fb: 0.00000 0.60214 -0.56488 0.58547
fb: 0.00000 0.62973 -0.56488 0.58547
target: 0.00000 0.66445
dist/lin/ang/drive_left/drive_right/tv_l/tv_r/av_l/av_r/x/y/theta/t_err: 1.19181 0.00000 5.07950 -0.62973 0.62973 -0.54481 0.56192 -0.54481 0.56192 0 0 21.71410 1.19181
fb: 0.00000 0.65558 0.13569 -0.12729
fb: 0.00000 0.68108 0.13569 -0.12729
target: 0.00000 0.63195
dist/lin/ang/drive_left/drive_right/tv_l/tv_r/av_l/av_r/x/y/theta/t_err: 1.09483 0.00000 4.83106 -0.68108 0.68108 -0.54547 0.46028 -0.54547 0.46028 0 0 27.27058 1.09483
fb: 0.00000 0.70205 -0.31619 0.33372
fb: 0.00000 0.69592 -0.31619 0.33372
target: 0.00000 0.59520
dist/lin/ang/drive_left/drive_right/tv_l/tv_r/av_l/av_r/x/y/theta/t_err: 0.99013 0.00000 4.55012 -0.69592 0.69592 0.03389 0.01542 0.03389 0.01542 0 0 33.26995 0.99013
fb: 0.00000 0.66805 -0.27243 0.28923
fb: -0.02317 0.61768 -0.27243 0.28923
target: 0.00000 0.55637
dist/lin/ang/drive_left/drive_right/tv_l/tv_r/av_l/av_r/x/y/theta/t_err: 0.88521 0.00000 4.25327 -0.64084 0.59451 -0.24964 0.27650 -0.24964 0.27650 0 0 39.28135 0.88521
fb: -0.05626 0.58144 -0.23706 0.25308
fb: -0.07171 0.56437 -0.23706 0.25308
target: 0.00000 0.52002
dist/lin/ang/drive_left/drive_right/tv_l/tv_r/av_l/av_r/x/y/theta/t_err: 0.79232 0.00000 3.97541 -0.63608 0.49267 -0.27428 0.27481 -0.27428 0.27481 0 0 44.60334 0.79232
fb: -0.06972 0.55546 -0.22388 0.23917
fb: -0.06399 0.54507 -0.22388 0.23917
target: 0.00000 0.48444
dist/lin/ang/drive_left/drive_right/tv_l/tv_r/av_l/av_r/x/y/theta/t_err: 0.70638 0.00000 3.70340 -0.60906 0.48109 -0.24433 0.25272 -0.24433 0.25272 0 0 49.52761 0.70638
fb: -0.06597 0.53546 -0.20348 0.21806
fb: -0.06222 0.52926 -0.20348 0.21806
target: 0.00000 0.44801
dist/lin/ang/drive_left/drive_right/tv_l/tv_r/av_l/av_r/x/y/theta/t_err: 0.62348 0.00000 3.42487 -0.59148 0.46704 -0.23067 0.22828 -0.23067 0.22828 0 0 54.27702 0.62348
fb: -0.06972 0.51811 -0.17523 0.18909
fb: -0.07943 0.50208 -0.17523 0.18909
target: 0.00000 0.41029
dist/lin/ang/drive_left/drive_right/tv_l/tv_r/av_l/av_r/x/y/theta/t_err: 0.54313 0.00000 3.13657 -0.58152 0.42265 -0.20842 0.20447 -0.20842 0.20447 0 0 58.88095 0.54313
fb: -0.08539 0.48717 -0.14421 0.15731
fb: -0.08914 0.47268 -0.14421 0.15731
target: 0.00000 0.37188
dist/lin/ang/drive_left/drive_right/tv_l/tv_r/av_l/av_r/x/y/theta/t_err: 0.46698 0.00000 2.84290 -0.56182 0.38354 -0.18158 0.17556 -0.18158 0.17556 0 0 63.24418 0.46698
fb: -0.08340 0.45415 -0.11532 0.12765
fb: -0.08341 0.43701 -0.11532 0.12765
target: 0.00000 0.33287
dist/lin/ang/drive_left/drive_right/tv_l/tv_r/av_l/av_r/x/y/theta/t_err: 0.39553 0.00000 2.54469 -0.52041 0.35360 -0.15367 0.14769 -0.15367 0.14769 0 0 67.33785 0.39553
fb: -0.07943 0.42244 -0.08650 0.09805
fb: -0.06399 0.40739 -0.08650 0.09805
target: 0.00000 0.29342
dist/lin/ang/drive_left/drive_right/tv_l/tv_r/av_l/av_r/x/y/theta/t_err: 0.32930 0.00000 2.24308 -0.47138 0.34341 -0.12611 0.11911 -0.12611 0.11911 0 0 71.13258 0.32930
fb: -0.05229 0.38984 -0.05807 0.06884
fb: -0.05053 0.37026 -0.05807 0.06884
target: 0.00000 0.25297
dist/lin/ang/drive_left/drive_right/tv_l/tv_r/av_l/av_r/x/y/theta/t_err: 0.26769 0.00000 1.93385 -0.42079 0.31973 -0.09789 0.09633 -0.09789 0.09633 0 0 74.66252 0.26769
fb: -0.04854 0.35089 0.05156 -0.05140
fb: -0.04832 0.32922 0.05156 -0.05140
target: 0.00000 0.21201
dist/lin/ang/drive_left/drive_right/tv_l/tv_r/av_l/av_r/x/y/theta/t_err: 0.21181 0.00000 1.62077 -0.37754 0.28089 -0.04722 0.04606 -0.04722 0.04606 0 0 77.86424 0.21181
fb: -0.04854 0.30636 0.08127 -0.08192
fb: -0.04854 0.27006 0.08127 -0.08192
target: 0.00000 0.17095
dist/lin/ang/drive_left/drive_right/tv_l/tv_r/av_l/av_r/x/y/theta/t_err: 0.16234 0.00000 1.30683 -0.31861 0.22152 0.04344 -0.04603 0.04344 -0.04603 0 0 80.69881 0.16234
fb: -0.04656 0.22561 0.10929 -0.11076
fb: -0.03685 0.18144 0.10929 -0.11076
target: 0.00000 0.13332
dist/lin/ang/drive_left/drive_right/tv_l/tv_r/av_l/av_r/x/y/theta/t_err: 0.12278 0.00000 1.01918 -0.21829 0.14459 0.07750 -0.08078 0.07750 -0.08078 0 0 82.96548 0.12278
fb: -0.02913 0.13775 0.11902 -0.12125
fb: -0.02516 0.09511 0.11902 -0.12125
target: 0.00000 0.10507
dist/lin/ang/drive_left/drive_right/tv_l/tv_r/av_l/av_r/x/y/theta/t_err: 0.09670 0.00000 0.80321 -0.12026 0.06995 0.09786 -0.10542 0.09786 -0.10542 0 0 84.45965 0.09670
fb: -0.02317 0.05274 0.09576 -0.09855
fb: -0.02339 0.01045 0.09576 -0.09855
target: 0.00000 0.08961
dist/lin/ang/drive_left/drive_right/tv_l/tv_r/av_l/av_r/x/y/theta/t_err: 0.08375 0.00000 0.68504 -0.03384 -0.01294 0.09872 -0.10728 0.09872 -0.10728 0 0 85.20175 0.08375
fb: -0.01942 -0.02348 0.04854 -0.05164
fb: -0.01942 -0.04299 0.04854 -0.05164
target: 0.00000 0.08909
dist/lin/ang/drive_left/drive_right/tv_l/tv_r/av_l/av_r/x/y/theta/t_err: 0.08333 0.00000 0.68109 0.02357 -0.06241 0.07083 -0.07783 0.07083 -0.07783 0 0 85.22567 0.08333
fb: -0.01942 -0.05191 -0.09639 0.10306
fb: -0.01942 -0.05358 -0.09639 0.10306
target: 0.00000 0.09738
dist/lin/ang/drive_left/drive_right/tv_l/tv_r/av_l/av_r/x/y/theta/t_err: 0.09014 0.00000 0.74447 0.03416 -0.07300 -0.01028 -0.01606 -0.01028 -0.01606 0 0 84.83523 0.09014
fb: -0.01942 -0.05149 -0.14158 0.14842
fb: -0.01147 -0.04710 -0.14158 0.14842
target: 0.00000 0.10689
dist/lin/ang/drive_left/drive_right/tv_l/tv_r/av_l/av_r/x/y/theta/t_err: 0.09828 0.00000 0.81713 0.03563 -0.05858 -0.10214 0.09739 -0.10214 0.09739 0 0 84.36872 0.09828
fb: -0.00772 -0.04208 -0.15341 0.16044
fb: -0.00397 -0.03303 -0.15341 0.16044
target: 0.00000 0.11478
dist/lin/ang/drive_left/drive_right/tv_l/tv_r/av_l/av_r/x/y/theta/t_err: 0.10531 0.00000 0.87744 0.02905 -0.03700 -0.13517 0.13347 -0.13517 0.13347 0 0 83.96617 0.10531
fb: 0.00000 -0.01777 -0.15143 0.15862
fb: -0.00199 0.00676 -0.15143 0.15862
target: 0.00000 0.11954
dist/lin/ang/drive_left/drive_right/tv_l/tv_r/av_l/av_r/x/y/theta/t_err: 0.10967 0.00000 0.91384 -0.00874 0.00477 -0.13928 0.14269 -0.13928 0.14269 0 0 83.71654 0.10967
fb: -0.00199 0.03546 -0.14054 0.14782
fb: 0.00000 0.05504 -0.14054 0.14782
target: 0.00000 0.11717
dist/lin/ang/drive_left/drive_right/tv_l/tv_r/av_l/av_r/x/y/theta/t_err: 0.10749 0.00000 0.89576 -0.05504 0.05504 -0.13758 0.13606 -0.13758 0.13606 0 0 83.84120 0.10749
fb: 0.00000 0.06543 -0.10689 0.11412
fb: 0.00000 0.07323 -0.10689 0.11412
target: 0.00000 0.10747
dist/lin/ang/drive_left/drive_right/tv_l/tv_r/av_l/av_r/x/y/theta/t_err: 0.09879 0.00000 0.82158 -0.07323 0.07323 -0.11842 0.12219 -0.11842 0.12219 0 0 84.33947 0.09879
fb: 0.00000 0.08006 -0.06737 0.07441
fb: 0.00000 0.08208 -0.06737 0.07441
target: 0.00000 0.09407
dist/lin/ang/drive_left/drive_right/tv_l/tv_r/av_l/av_r/x/y/theta/t_err: 0.08738 0.00000 0.71910 -0.08208 0.08208 -0.08572 0.10028 -0.08572 0.10028 0 0 84.99334 0.08738
fb: 0.00000 0.08284 -0.04172 0.04850
fb: 0.00000 0.07845 -0.04172 0.04850
target: 0.00000 0.07828
dist/lin/ang/drive_left/drive_right/tv_l/tv_r/av_l/av_r/x/y/theta/t_err: 0.07484 0.00000 0.59845 -0.07845 0.07845 -0.05664 0.06692 -0.05664 0.06692 0 0 85.71171 0.07484
fb: 0.00000 0.07170 0.05760 -0.06092
fb: 0.00000 0.06452 0.05760 -0.06092
target: 0.00000 0.06232
dist/lin/ang/drive_left/drive_right/tv_l/tv_r/av_l/av_r/x/y/theta/t_err: 0.06315 0.00000 0.47638 -0.06452 0.06452 -0.00733 0.03386 -0.00733 0.03386 0 0 86.38192 0.06315
fb: 0.00000 0.05581 0.06913 -0.07277
fb: 0.00000 0.04654 0.06913 -0.07277
target: 0.00000 0.04821
dist/lin/ang/drive_left/drive_right/tv_l/tv_r/av_l/av_r/x/y/theta/t_err: 0.05364 0.00000 0.36858 -0.04654 0.04654 0.05133 -0.05819 0.05133 -0.05819 0 0 86.92645 0.05364
fb: 0.00000 0.03749 0.07017 -0.07410
fb: 0.00000 0.02836 0.07017 -0.07410
target: 0.00000 0.03740
dist/lin/ang/drive_left/drive_right/tv_l/tv_r/av_l/av_r/x/y/theta/t_err: 0.04688 0.00000 0.28594 -0.02836 0.02836 0.06792 -0.07272 0.06792 -0.07272 0 0 87.31387 0.04688
fb: 0.00000 0.01958 0.06261 -0.06676
fb: 0.00000 0.00857 0.06261 -0.06676
target: 0.00000 0.03065
dist/lin/ang/drive_left/drive_right/tv_l/tv_r/av_l/av_r/x/y/theta/t_err: 0.04289 0.00000 0.23430 -0.00857 0.00857 0.07117 -0.07136 0.07117 -0.07136 0 0 87.54269 0.04289
fb: 0.00000 -0.00355 0.04888 -0.05317
fb: 0.00000 -0.01435 0.04888 -0.05317
target: 0.00000 0.02926
dist/lin/ang/drive_left/drive_right/tv_l/tv_r/av_l/av_r/x/y/theta/t_err: 0.04209 0.00000 0.22368 0.01435 -0.01435 0.05575 -0.06039 0.05575 -0.06039 0 0 87.58848 0.04209
fb: 0.00000 -0.02348 -0.05238 0.05786
fb: 0.00000 -0.03066 -0.05238 0.05786
target: 0.00000 0.03358
dist/lin/ang/drive_left/drive_right/tv_l/tv_r/av_l/av_r/x/y/theta/t_err: 0.04460 0.00000 0.25672 0.03066 -0.03066 0.00633 -0.03917 0.00633 -0.03917 0 0 87.44462 0.04460
fb: 0.00000 -0.03470 -0.08097 0.08653
fb: 0.00000 -0.03491 -0.08097 0.08653
target: 0.00000 0.04158
dist/lin/ang/drive_left/drive_right/tv_l/tv_r/av_l/av_r/x/y/theta/t_err: 0.04944 0.00000 0.31783 0.03491 -0.03491 -0.05936 0.04792 -0.05936 0.04792 0 0 87.16745 0.04944
fb: 0.00000 -0.03268 -0.10285 0.10858
fb: 0.00000 -0.02947 -0.10285 0.10858
target: 0.00000 0.04990
dist/lin/ang/drive_left/drive_right/tv_l/tv_r/av_l/av_r/x/y/theta/t_err: 0.05474 0.00000 0.38143 0.02947 -0.02947 -0.08761 0.08181 -0.08761 0.08181 0 0 86.86388 0.05474
fb: -0.00375 -0.02508 -0.10989 0.11578
fb: -0.00375 -0.01561 -0.10989 0.11578
target: 0.00000 0.05646
dist/lin/ang/drive_left/drive_right/tv_l/tv_r/av_l/av_r/x/y/theta/t_err: 0.05911 0.00000 0.43165 0.01186 -0.01936 -0.10350 0.10011 -0.10350 0.10011 0 0 86.61326 0.05911
fb: 0.00000 -0.00209 -0.10641 0.11244
fb: 0.00000 0.01463 -0.10641 0.11244
final error was 3.48848
position: -0.25708 -0.58120 86.51152
took 0.92000 time to finish turn
target: 0.00000 0.15697
dist/lin/ang/drive_left/drive_right/tv_l/tv_r/av_l/av_r/x/y/theta/t_err: 1.57080 0.00000 1.20000 0.00000 0.00000 0.00000 0.00000 0.00000 0.00000 0 0 -0.00008 1.57080
fb: 0.00000 0.00000 -0.85057 0.85860
fb: 0.00000 0.00000 -0.85057 0.85860
target: 0.00000 0.31394
dist/lin/ang/drive_left/drive_right/tv_l/tv_r/av_l/av_r/x/y/theta/t_err: 1.57080 0.00000 2.40000 0.00000 0.00000 -0.03764 0.03167 -0.03764 0.03167 0 0 -0.00018 1.57080
fb: 0.00000 0.00000 -0.95574 0.96691
fb: 0.00000 0.00975 -0.95574 0.96691
target: 0.00000 0.47092
dist/lin/ang/drive_left/drive_right/tv_l/tv_r/av_l/av_r/x/y/theta/t_err: 1.57078 0.00000 3.60000 -0.00975 0.00975 -0.44386 0.46011 -0.44386 0.46011 0 0 0.00082 1.57078
fb: 0.00000 0.05727 -1.00000 1.00000
fb: 0.00000 0.10681 -1.00000 1.00000
target: 0.00000 0.62789
dist/lin/ang/drive_left/drive_right/tv_l/tv_r/av_l/av_r/x/y/theta/t_err: 1.56711 0.00000 4.80000 -0.10681 0.10681 -0.53506 0.32289 -0.53506 0.32289 0 0 0.21130 1.56711
fb: 0.00000 0.14820 -1.00000 1.00000
fb: 0.00000 0.18631 -1.00000 1.00000
target: 0.00000 0.78486
dist/lin/ang/drive_left/drive_right/tv_l/tv_r/av_l/av_r/x/y/theta/t_err: 1.54935 0.00000 6.00000 -0.18631 0.18631 -0.52444 0.47106 -0.52444 0.47106 0 0 1.22862 1.54935
fb: 0.00000 0.23098 -1.00000 1.00000
fb: 0.00000 0.27954 -1.00000 1.00000
target: 0.00000 0.78486
dist/lin/ang/drive_left/drive_right/tv_l/tv_r/av_l/av_r/x/y/theta/t_err: 1.51914 0.00000 6.00000 -0.27954 0.27954 -0.68222 0.61992 -0.68222 0.61992 0 0 2.95960 1.51914
fb: 0.00000 0.32831 -0.56488 0.58547
fb: 0.00000 0.37569 -0.56488 0.58547
target: 0.00000 0.78486
dist/lin/ang/drive_left/drive_right/tv_l/tv_r/av_l/av_r/x/y/theta/t_err: 1.47471 0.00000 6.00000 -0.37569 0.37569 -0.61803 0.69675 -0.61803 0.69675 0 0 5.50536 1.47471
fb: 0.00000 0.42224 -0.56488 0.58547
fb: -0.00177 0.45366 -0.56488 0.58547
target: 0.00000 0.78486
dist/lin/ang/drive_left/drive_right/tv_l/tv_r/av_l/av_r/x/y/theta/t_err: 1.41569 0.00000 6.00000 -0.45542 0.45189 -0.36153 0.35231 -0.36153 0.35231 0 0 8.88714 1.41569
fb: -0.00177 0.46941 -0.56488 0.58547
fb: 0.00000 0.48689 -0.56488 0.58547
target: 0.00000 0.78486
dist/lin/ang/drive_left/drive_right/tv_l/tv_r/av_l/av_r/x/y/theta/t_err: 1.34605 0.00000 6.00000 -0.48689 0.48689 -0.51506 0.50272 -0.51506 0.50272 0 0 12.87729 1.34605
fb: 0.00000 0.50891 -0.56488 0.58547
fb: 0.00000 0.53929 -0.56488 0.58547
target: 0.00000 0.78486
dist/lin/ang/drive_left/drive_right/tv_l/tv_r/av_l/av_r/x/y/theta/t_err: 1.27102 0.00000 6.00000 -0.53929 0.53929 -0.53967 0.55164 -0.53967 0.55164 0 0 17.17585 1.27102
fb: 0.00000 0.57280 -0.56488 0.58547
fb: 0.00000 0.60667 -0.56488 0.58547
target: 0.00000 0.66304
dist/lin/ang/drive_left/drive_right/tv_l/tv_r/av_l/av_r/x/y/theta/t_err: 1.18753 0.00000 5.06875 -0.60667 0.60667 -0.54328 0.55936 -0.54328 0.55936 0 0 21.95937 1.18753
fb: -0.00199 0.63649 0.14296 -0.13459
fb: -0.00199 0.66276 0.14296 -0.13459
target: 0.00000 0.63165
dist/lin/ang/drive_left/drive_right/tv_l/tv_r/av_l/av_r/x/y/theta/t_err: 1.09395 0.00000 4.82873 -0.66474 0.66077 -0.36736 0.56089 -0.36736 0.56089 0 0 27.32155 1.09395
fb: 0.00000 0.67962 -0.32094 0.33847
fb: -0.01169 0.67335 -0.32094 0.33847
target: 0.00000 0.59597
dist/lin/ang/drive_left/drive_right/tv_l/tv_r/av_l/av_r/x/y/theta/t_err: 0.99226 0.00000 4.55599 -0.68504 0.66165 -0.03611 0.02636 -0.03611 0.02636 0 0 33.14771 0.99226
fb: -0.03685 0.63412 -0.27777 0.29459
fb: -0.04082 0.58402 -0.27777 0.29459
target: 0.00000 0.55874
dist/lin/ang/drive_left/drive_right/tv_l/tv_r/av_l/av_r/x/y/theta/t_err: 0.89144 0.00000 4.27140 -0.62484 0.54320 -0.27086 0.27908 -0.27086 0.27908 0 0 38.92397 0.89144
fb: -0.02714 0.56047 -0.24586 0.26193
fb: -0.03089 0.54417 -0.24586 0.26193
target: 0.00000 0.52428
dist/lin/ang/drive_left/drive_right/tv_l/tv_r/av_l/av_r/x/y/theta/t_err: 0.80293 0.00000 4.00794 -0.57506 0.51328 -0.26997 0.28594 -0.26997 0.28594 0 0 43.99562 0.80293
fb: -0.03486 0.53532 -0.23520 0.25058
fb: -0.04082 0.52542 -0.23520 0.25058
target: 0.00000 0.49025
dist/lin/ang/drive_left/drive_right/tv_l/tv_r/av_l/av_r/x/y/theta/t_err: 0.72007 0.00000 3.74781 -0.56624 0.48461 -0.24639 0.26522 -0.24639 0.26522 0 0 48.74287 0.72007
fb: -0.04656 0.51602 -0.21437 0.22907
fb: -0.04656 0.50703 -0.21437 0.22907
target: 0.00000 0.45555
dist/lin/ang/drive_left/drive_right/tv_l/tv_r/av_l/av_r/x/y/theta/t_err: 0.64022 0.00000 3.48255 -0.55359 0.46047 -0.23064 0.24450 -0.23064 0.24450 0 0 53.31787 0.64022
fb: -0.05450 0.50139 -0.18809 0.20210
fb: -0.06002 0.49477 -0.18809 0.20210
target: 0.00000 0.41987
dist/lin/ang/drive_left/drive_right/tv_l/tv_r/av_l/av_r/x/y/theta/t_err: 0.56300 0.00000 3.20973 -0.55478 0.43475 -0.20722 0.21542 -0.20722 0.21542 0 0 57.74263 0.56300
fb: -0.06002 0.48418 -0.15974 0.17303
fb: -0.06399 0.47331 -0.15974 0.17303
target: 0.00000 0.38273
dist/lin/ang/drive_left/drive_right/tv_l/tv_r/av_l/av_r/x/y/theta/t_err: 0.48790 0.00000 2.92584 -0.53729 0.40932 -0.18003 0.19489 -0.18003 0.19489 0 0 62.04533 0.48790
fb: -0.06200 0.45993 -0.12834 0.14088
fb: -0.05627 0.44690 -0.12834 0.14088
target: 0.00000 0.34447
dist/lin/ang/drive_left/drive_right/tv_l/tv_r/av_l/av_r/x/y/theta/t_err: 0.41616 0.00000 2.63339 -0.50317 0.39063 -0.15278 0.16939 -0.15278 0.16939 0 0 66.15569 0.41616
fb: -0.05627 0.42851 -0.09767 0.10946
fb: -0.05053 0.40774 -0.09767 0.10946
target: 0.00000 0.30530
dist/lin/ang/drive_left/drive_right/tv_l/tv_r/av_l/av_r/x/y/theta/t_err: 0.34861 0.00000 2.33392 -0.45827 0.35721 -0.13036 0.13789 -0.13036 0.13789 0 0 70.02629 0.34861
fb: -0.04457 0.38851 -0.06729 0.07829
fb: -0.03685 0.37088 -0.06729 0.07829
target: 0.00000 0.26611
dist/lin/ang/drive_left/drive_right/tv_l/tv_r/av_l/av_r/x/y/theta/t_err: 0.28701 0.00000 2.03434 -0.40773 0.33404 -0.10456 0.10797 -0.10456 0.10797 0 0 73.55540 0.28701
fb: -0.03111 0.35214 -0.04098 0.05119
fb: -0.03089 0.33096 -0.04098 0.05119
target: 0.00000 0.22665
dist/lin/ang/drive_left/drive_right/tv_l/tv_r/av_l/av_r/x/y/theta/t_err: 0.23104 0.00000 1.73270 -0.36185 0.30007 -0.07783 0.07956 -0.07783 0.07956 0 0 76.76255 0.23104
fb: -0.03288 0.30943 0.06473 -0.06509
fb: -0.03685 0.28644 0.06473 -0.06509
target: 0.00000 0.18731
dist/lin/ang/drive_left/drive_right/tv_l/tv_r/av_l/av_r/x/y/theta/t_err: 0.18126 0.00000 1.43192 -0.32329 0.24959 -0.02208 0.04928 -0.02208 0.04928 0 0 79.61443 0.18126
fb: -0.03111 0.25871 0.09058 -0.09172
fb: -0.01942 0.21920 0.09058 -0.09172
target: 0.00000 0.14898
dist/lin/ang/drive_left/drive_right/tv_l/tv_r/av_l/av_r/x/y/theta/t_err: 0.13857 0.00000 1.13892 -0.23862 0.19978 0.06125 -0.05150 0.06125 -0.05150 0 0 82.06036 0.13857
fb: -0.01169 0.17287 0.11168 -0.11360
fb: -0.01169 0.12479 0.11168 -0.11360
target: 0.00000 0.11656
dist/lin/ang/drive_left/drive_right/tv_l/tv_r/av_l/av_r/x/y/theta/t_err: 0.10693 0.00000 0.89103 -0.13648 0.11309 0.08917 -0.08708 0.08917 -0.08708 0 0 83.87358 0.10693
fb: -0.01545 0.07999 0.10685 -0.10941
fb: -0.00772 0.03644 0.10685 -0.10941
target: 0.00000 0.09656
dist/lin/ang/drive_left/drive_right/tv_l/tv_r/av_l/av_r/x/y/theta/t_err: 0.08945 0.00000 0.73818 -0.04416 0.02872 0.10150 -0.10200 0.10150 -0.10200 0 0 84.87462 0.08945
fb: -0.00397 -0.00516 0.06430 -0.06726
fb: -0.00397 -0.03226 0.06430 -0.06726
target: 0.00000 0.09172
dist/lin/ang/drive_left/drive_right/tv_l/tv_r/av_l/av_r/x/y/theta/t_err: 0.08546 0.00000 0.70116 0.02829 -0.03623 0.08142 -0.08689 0.08142 -0.08689 0 0 85.10367 0.08546
fb: 0.00000 -0.04654 -0.07868 0.08541
fb: -0.00375 -0.05100 -0.07868 0.08541
target: 0.00000 0.09821
dist/lin/ang/drive_left/drive_right/tv_l/tv_r/av_l/av_r/x/y/theta/t_err: 0.09084 0.00000 0.75079 0.04725 -0.05475 0.01147 -0.02567 0.01147 -0.02567 0 0 84.79541 0.09084
fb: -0.01147 -0.04863 -0.13404 0.14090
fb: -0.01942 -0.04445 -0.13404 0.14090
target: 0.00000 0.10728
dist/lin/ang/drive_left/drive_right/tv_l/tv_r/av_l/av_r/x/y/theta/t_err: 0.09863 0.00000 0.82010 0.02504 -0.06387 -0.08419 0.08556 -0.08419 0.08556 0 0 84.34919 0.09863
fb: -0.01567 -0.04090 -0.15170 0.15874
fb: -0.00772 -0.03498 -0.15170 0.15874
target: 0.00000 0.11481
dist/lin/ang/drive_left/drive_right/tv_l/tv_r/av_l/av_r/x/y/theta/t_err: 0.10534 0.00000 0.87767 0.02725 -0.04270 -0.12883 0.12903 -0.12883 0.12903 0 0 83.96464 0.10534
fb: -0.00375 -0.02223 -0.14983 0.15702
fb: 0.00000 0.00056 -0.14983 0.15702
target: 0.00000 0.12003
dist/lin/ang/drive_left/drive_right/tv_l/tv_r/av_l/av_r/x/y/theta/t_err: 0.11012 0.00000 0.91755 -0.00056 0.00056 -0.13825 0.13722 -0.13825 0.13722 0 0 83.69078 0.11012
fb: 0.00000 0.02815 -0.14292 0.15021
fb: 0.00000 0.04849 -0.14292 0.15021
target: 0.00000 0.11875
dist/lin/ang/drive_left/drive_right/tv_l/tv_r/av_l/av_r/x/y/theta/t_err: 0.10894 0.00000 0.90779 -0.04849 0.04849 -0.12917 0.13692 -0.12917 0.13692 0 0 83.75840 0.10894
fb: -0.00199 0.05971 -0.11284 0.12010
fb: -0.00199 0.06898 -0.11284 0.12010
target: 0.00000 0.11021
dist/lin/ang/drive_left/drive_right/tv_l/tv_r/av_l/av_r/x/y/theta/t_err: 0.10122 0.00000 0.84256 -0.07096 0.06699 -0.12661 0.12972 -0.12661 0.12972 0 0 84.20071 0.10122
fb: 0.00000 0.07650 -0.07447 0.08157
fb: 0.00000 0.08131 -0.07447 0.08157
target: 0.00000 0.09772
dist/lin/ang/drive_left/drive_right/tv_l/tv_r/av_l/av_r/x/y/theta/t_err: 0.09042 0.00000 0.74702 -0.08131 0.08131 -0.10489 0.10283 -0.10489 0.10283 0 0 84.81917 0.09042
fb: 0.00000 0.08201 -0.04826 0.05511
fb: 0.00000 0.07908 -0.04826 0.05511
target: 0.00000 0.08244
dist/lin/ang/drive_left/drive_right/tv_l/tv_r/av_l/av_r/x/y/theta/t_err: 0.07805 0.00000 0.63024 -0.07908 0.07908 -0.07083 0.07547 -0.07083 0.07547 0 0 85.52779 0.07805
fb: 0.00000 0.07448 0.05253 -0.05577
fb: 0.00000 0.06835 0.05253 -0.05577
target: 0.00000 0.06660
dist/lin/ang/drive_left/drive_right/tv_l/tv_r/av_l/av_r/x/y/theta/t_err: 0.06619 0.00000 0.50915 -0.06835 0.06835 -0.03389 0.02908 -0.03389 0.02908 0 0 86.20759 0.06619
fb: 0.00000 0.06041 0.06568 -0.06924
fb: 0.00000 0.05142 0.06568 -0.06924
target: 0.00000 0.05194
dist/lin/ang/drive_left/drive_right/tv_l/tv_r/av_l/av_r/x/y/theta/t_err: 0.05608 0.00000 0.39705 -0.05142 0.05142 0.04639 -0.04894 0.04639 -0.04894 0 0 86.78698 0.05608
fb: 0.00000 0.04236 0.07021 -0.07407
fb: 0.00000 0.03344 0.07021 -0.07407
target: 0.00000 0.04018
dist/lin/ang/drive_left/drive_right/tv_l/tv_r/av_l/av_r/x/y/theta/t_err: 0.04857 0.00000 0.30715 -0.03344 0.03344 0.06486 -0.06606 0.06486 -0.06606 0 0 87.21693 0.04857
fb: 0.00000 0.02418 0.06502 -0.06911
fb: 0.00000 0.01198 0.06502 -0.06911
target: 0.00000 0.03228
dist/lin/ang/drive_left/drive_right/tv_l/tv_r/av_l/av_r/x/y/theta/t_err: 0.04383 0.00000 0.24674 -0.01198 0.01198 0.07256 -0.07017 0.07256 -0.07017 0 0 87.48850 0.04383
fb: 0.00000 -0.00056 0.05296 -0.05721
fb: 0.00000 -0.01219 0.05296 -0.05721
target: 0.00000 0.03000
dist/lin/ang/drive_left/drive_right/tv_l/tv_r/av_l/av_r/x/y/theta/t_err: 0.04252 0.00000 0.22938 0.01219 -0.01219 0.06469 -0.05853 0.06469 -0.05853 0 0 87.56399 0.04252
fb: -0.00397 -0.02292 -0.04890 0.05440
fb: -0.00772 -0.03135 -0.04890 0.05440
target: 0.00000 0.03386
dist/lin/ang/drive_left/drive_right/tv_l/tv_r/av_l/av_r/x/y/theta/t_err: 0.04477 0.00000 0.25886 0.02363 -0.03908 0.03903 -0.02581 0.03903 -0.02581 0 0 87.43515 0.04477
fb: -0.00772 -0.03463 -0.07906 0.08463
fb: -0.00772 -0.03414 -0.07906 0.08463
target: 0.00000 0.04192
dist/lin/ang/drive_left/drive_right/tv_l/tv_r/av_l/av_r/x/y/theta/t_err: 0.04965 0.00000 0.32044 0.02642 -0.04186 -0.04125 0.05306 -0.04125 0.05306 0 0 87.15530 0.04965
fb: -0.00772 -0.03142 -0.10336 0.10909
fb: -0.01169 -0.02766 -0.10336 0.10909
target: 0.00000 0.05001
dist/lin/ang/drive_left/drive_right/tv_l/tv_r/av_l/av_r/x/y/theta/t_err: 0.05481 0.00000 0.38233 0.01597 -0.03936 -0.07458 0.08383 -0.07458 0.08383 0 0 86.85951 0.05481
fb: -0.01169 -0.02202 -0.10896 0.11485
fb: -0.00772 -0.01045 -0.10896 0.11485
target: 0.00000 0.05603
dist/lin/ang/drive_left/drive_right/tv_l/tv_r/av_l/av_r/x/y/theta/t_err: 0.05882 0.00000 0.42836 0.00273 -0.01817 -0.10217 0.09958 -0.10217 0.09958 0 0 86.62999 0.05882
fb: -0.00375 0.00307 -0.10366 0.10968
fb: 0.00000 0.02028 -0.10366 0.10968
target: 0.00000 0.05753
dist/lin/ang/drive_left/drive_right/tv_l/tv_r/av_l/av_r/x/y/theta/t_err: 0.05984 0.00000 0.43983 -0.02028 0.02028 -0.10247 0.10283 -0.10247 0.10283 0 0 86.57151 0.05984
fb: 0.00000 0.03602 -0.08433 0.09037
fb: 0.00000 0.04431 -0.08433 0.09037
final error was 3.22030
position: -0.20317 -0.42589 86.77970
took 0.94000 time to finish turn
target: 0.00000 0.15697
dist/lin/ang/drive_left/drive_right/tv_l/tv_r/av_l/av_r/x/y/theta/t_err: 1.57080 0.00000 1.20000 0.00000 0.00000 -0.00033 -0.00050 -0.00033 -0.00050 0 0 -0.00022 1.57080
fb: 0.00000 0.00000 -0.85057 0.85860
fb: 0.00000 0.00000 -0.85057 0.85860
target: 0.00000 0.31394
dist/lin/ang/drive_left/drive_right/tv_l/tv_r/av_l/av_r/x/y/theta/t_err: 1.57080 0.00000 2.40000 0.00000 0.00000 -0.02892 0.06964 -0.02892 0.06964 0 0 -0.00020 1.57080
fb: 0.00000 0.00286 -0.95574 0.96691
fb: 0.00000 0.00286 -0.95574 0.96691
target: 0.00000 0.47092
dist/lin/ang/drive_left/drive_right/tv_l/tv_r/av_l/av_r/x/y/theta/t_err: 1.57067 0.00000 3.60000 -0.00286 0.00286 -0.43117 0.38619 -0.43117 0.38619 0 0 0.00725 1.57067
fb: 0.00000 0.08981 -1.00000 1.00000
fb: 0.00000 0.08981 -1.00000 1.00000
target: 0.00000 0.62789
dist/lin/ang/drive_left/drive_right/tv_l/tv_r/av_l/av_r/x/y/theta/t_err: 1.56290 0.00000 4.80000 -0.08981 0.08981 -0.41253 0.33775 -0.41253 0.33775 0 0 0.45251 1.56290
fb: 0.00000 0.12806 -1.00000 1.00000
fb: 0.00000 0.16499 -1.00000 1.00000
target: 0.00000 0.78486
dist/lin/ang/drive_left/drive_right/tv_l/tv_r/av_l/av_r/x/y/theta/t_err: 1.55381 0.00000 6.00000 -0.16499 0.16499 -0.48475 0.61308 -0.48475 0.61308 0 0 0.97340 1.55381
fb: 0.00000 0.20025 -1.00000 1.00000
fb: 0.00000 0.24191 -1.00000 1.00000
target: 0.00000 0.78486
dist/lin/ang/drive_left/drive_right/tv_l/tv_r/av_l/av_r/x/y/theta/t_err: 1.52732 0.00000 6.00000 -0.24191 0.24191 -0.68136 0.71453 -0.68136 0.71453 0 0 2.49127 1.52732
fb: 0.00000 0.29124 -0.56488 0.58547
fb: 0.00000 0.33981 -0.56488 0.58547
target: 0.00000 0.78486
dist/lin/ang/drive_left/drive_right/tv_l/tv_r/av_l/av_r/x/y/theta/t_err: 1.48844 0.00000 6.00000 -0.33981 0.33981 -0.70906 0.66014 -0.70906 0.66014 0 0 4.71894 1.48844
fb: 0.00000 0.38384 -0.56488 0.58547
fb: 0.00000 0.42600 -0.56488 0.58547
target: 0.00000 0.78486
dist/lin/ang/drive_left/drive_right/tv_l/tv_r/av_l/av_r/x/y/theta/t_err: 1.43503 0.00000 6.00000 -0.42600 0.42600 -0.45069 0.41100 -0.45069 0.41100 0 0 7.77865 1.43503
fb: 0.00000 0.45679 -0.56488 0.58547
fb: 0.00000 0.48794 -0.56488 0.58547
target: 0.00000 0.78486
dist/lin/ang/drive_left/drive_right/tv_l/tv_r/av_l/av_r/x/y/theta/t_err: 1.36906 0.00000 6.00000 -0.48794 0.48794 -0.53181 0.53472 -0.53181 0.53472 0 0 11.55881 1.36906
fb: 0.00000 0.51755 -0.56488 0.58547
fb: 0.00000 0.54445 -0.56488 0.58547
target: 0.00000 0.78486
dist/lin/ang/drive_left/drive_right/tv_l/tv_r/av_l/av_r/x/y/theta/t_err: 1.29355 0.00000 6.00000 -0.54445 0.54445 -0.54122 0.55847 -0.54122 0.55847 0 0 15.88483 1.29355
fb: 0.00000 0.57601 -0.56488 0.58547
fb: 0.00000 0.60646 -0.56488 0.58547
target: 0.00000 0.78486
dist/lin/ang/drive_left/drive_right/tv_l/tv_r/av_l/av_r/x/y/theta/t_err: 1.20925 0.00000 6.00000 -0.60646 0.60646 -0.54378 0.55900 -0.54378 0.55900 0 0 20.71527 1.20925
fb: 0.00000 0.63530 -0.56488 0.58547
fb: 0.00000 0.65941 -0.56488 0.58547
target: 0.00000 0.63906
dist/lin/ang/drive_left/drive_right/tv_l/tv_r/av_l/av_r/x/y/theta/t_err: 1.11568 0.00000 4.88537 -0.65941 0.65941 -0.54858 0.56208 -0.54858 0.56208 0 0 26.07605 1.11568
fb: 0.00000 0.68094 0.26698 -0.25909
fb: 0.00000 0.70080 0.26698 -0.25909
target: 0.00000 0.60386
dist/lin/ang/drive_left/drive_right/tv_l/tv_r/av_l/av_r/x/y/theta/t_err: 1.01432 0.00000 4.61630 -0.70080 0.70080 -0.35417 0.37694 -0.35417 0.37694 0 0 31.88390 1.01432
fb: 0.00000 0.72066 -0.28522 0.30219
fb: 0.00000 0.72567 -0.28522 0.30219
target: 0.00000 0.56449
dist/lin/ang/drive_left/drive_right/tv_l/tv_r/av_l/av_r/x/y/theta/t_err: 0.90665 0.00000 4.31532 -0.72567 0.72567 0.01831 -0.01078 0.01831 -0.01078 0 0 38.05276 0.90665
fb: 0.00000 0.71020 -0.24006 0.25624
fb: 0.00000 0.66547 -0.24006 0.25624
target: 0.00000 0.52177
dist/lin/ang/drive_left/drive_right/tv_l/tv_r/av_l/av_r/x/y/theta/t_err: 0.79666 0.00000 3.98875 -0.66547 0.66547 -0.22775 0.24417 -0.22775 0.24417 0 0 44.35462 0.79666
fb: -0.00772 0.61559 -0.19638 0.21171
fb: -0.01368 0.59642 -0.19638 0.21171
target: 0.00000 0.48047
dist/lin/ang/drive_left/drive_right/tv_l/tv_r/av_l/av_r/x/y/theta/t_err: 0.69709 0.00000 3.67303 -0.61010 0.58274 -0.23906 0.24228 -0.23906 0.24228 0 0 50.05985 0.69709
fb: -0.01743 0.57719 -0.17509 0.18960
fb: -0.02317 0.56207 -0.17509 0.18960
target: 0.00000 0.44038
dist/lin/ang/drive_left/drive_right/tv_l/tv_r/av_l/av_r/x/y/theta/t_err: 0.60679 0.00000 3.36657 -0.58524 0.53891 -0.20242 0.20858 -0.20242 0.20858 0 0 55.23363 0.60679
fb: -0.03111 0.54849 -0.15368 0.16738
fb: -0.04082 0.52954 -0.15368 0.16738
target: 0.00000 0.39963
dist/lin/ang/drive_left/drive_right/tv_l/tv_r/av_l/av_r/x/y/theta/t_err: 0.52142 0.00000 3.05506 -0.57035 0.48872 -0.18308 0.18222 -0.18308 0.18222 0 0 60.12500 0.52142
fb: -0.04258 0.50494 -0.12341 0.13630
fb: -0.05626 0.48390 -0.12341 0.13630
target: 0.00000 0.35835
dist/lin/ang/drive_left/drive_right/tv_l/tv_r/av_l/av_r/x/y/theta/t_err: 0.44152 0.00000 2.73946 -0.54016 0.42763 -0.16428 0.15878 -0.16428 0.15878 0 0 64.70257 0.44152
fb: -0.06222 0.46773 -0.09334 0.10540
fb: -0.04832 0.45080 -0.09334 0.10540
target: 0.00000 0.31700
dist/lin/ang/drive_left/drive_right/tv_l/tv_r/av_l/av_r/x/y/theta/t_err: 0.36816 0.00000 2.42338 -0.49912 0.40248 -0.13706 0.13175 -0.13706 0.13175 0 0 68.90593 0.36816
fb: -0.03685 0.43185 -0.06535 0.07658
fb: -0.03111 0.41332 -0.06535 0.07658
target: 0.00000 0.27470
dist/lin/ang/drive_left/drive_right/tv_l/tv_r/av_l/av_r/x/y/theta/t_err: 0.30000 0.00000 2.09998 -0.44443 0.38220 -0.11242 0.10558 -0.11242 0.10558 0 0 72.81152 0.30000
fb: -0.03486 0.39290 0.04534 -0.04474
fb: -0.04060 0.36649 0.04534 -0.04474
target: 0.00000 0.23153
dist/lin/ang/drive_left/drive_right/tv_l/tv_r/av_l/av_r/x/y/theta/t_err: 0.23763 0.00000 1.76998 -0.40709 0.32589 -0.07086 0.07392 -0.07086 0.07392 0 0 76.38503 0.23763
fb: -0.04259 0.33549 0.07815 -0.07841
fb: -0.03685 0.30365 0.07815 -0.07841
target: 0.00000 0.18861
dist/lin/ang/drive_left/drive_right/tv_l/tv_r/av_l/av_r/x/y/theta/t_err: 0.18281 0.00000 1.44184 -0.34050 0.26680 0.02925 -0.02942 0.02925 -0.02942 0 0 79.52592 0.18281
fb: -0.03310 0.26323 0.10581 -0.10693
fb: -0.03310 0.21370 0.10581 -0.10693
target: 0.00000 0.14840
dist/lin/ang/drive_left/drive_right/tv_l/tv_r/av_l/av_r/x/y/theta/t_err: 0.13797 0.00000 1.13450 -0.24679 0.18060 0.06983 -0.06619 0.06983 -0.06619 0 0 82.09469 0.13797
fb: -0.03288 0.16283 0.12050 -0.12243
fb: -0.04060 0.11434 0.12050 -0.12243
target: 0.00000 0.11690
dist/lin/ang/drive_left/drive_right/tv_l/tv_r/av_l/av_r/x/y/theta/t_err: 0.10724 0.00000 0.89364 -0.15494 0.07374 0.09892 -0.09769 0.09892 -0.09769 0 0 83.85569 0.10724
fb: -0.04082 0.06501 0.10248 -0.10504
fb: -0.03508 0.02097 0.10248 -0.10504
target: 0.00000 0.09914
dist/lin/ang/drive_left/drive_right/tv_l/tv_r/av_l/av_r/x/y/theta/t_err: 0.09162 0.00000 0.75793 -0.05606 -0.01411 0.10708 -0.10917 0.10708 -0.10917 0 0 84.75032 0.09162
fb: -0.02118 -0.01477 0.05248 -0.05539
fb: -0.00772 -0.04153 0.05248 -0.05539
target: 0.00000 0.09682
dist/lin/ang/drive_left/drive_right/tv_l/tv_r/av_l/av_r/x/y/theta/t_err: 0.08967 0.00000 0.74015 0.03380 -0.04925 0.07958 -0.08675 0.07958 -0.08675 0 0 84.86230 0.08967
fb: -0.01169 -0.05644 -0.09343 0.10026
fb: -0.01942 -0.06159 -0.09343 0.10026
target: 0.00000 0.10477
dist/lin/ang/drive_left/drive_right/tv_l/tv_r/av_l/av_r/x/y/theta/t_err: 0.09644 0.00000 0.80097 0.04218 -0.08101 0.01608 -0.01625 0.01608 -0.01625 0 0 84.47420 0.09644
fb: -0.01942 -0.05950 -0.14502 0.15201
fb: -0.01545 -0.05400 -0.14502 0.15201
target: 0.00000 0.11531
dist/lin/ang/drive_left/drive_right/tv_l/tv_r/av_l/av_r/x/y/theta/t_err: 0.10580 0.00000 0.88154 0.03855 -0.06944 -0.09325 0.09975 -0.09325 0.09975 0 0 83.93836 0.10580
fb: -0.01545 -0.04724 -0.16371 0.17091
fb: -0.00772 -0.04013 -0.16371 0.17091
target: 0.00000 0.12399
dist/lin/ang/drive_left/drive_right/tv_l/tv_r/av_l/av_r/x/y/theta/t_err: 0.11382 0.00000 0.94785 0.03241 -0.04786 -0.13208 0.14186 -0.13208 0.14186 0 0 83.47868 0.11382
fb: 0.00000 -0.02864 -0.16113 0.16851
fb: 0.00000 -0.01038 -0.16113 0.16851
target: 0.00000 0.12990
dist/lin/ang/drive_left/drive_right/tv_l/tv_r/av_l/av_r/x/y/theta/t_err: 0.11945 0.00000 0.99303 0.01038 -0.01038 -0.14836 0.15142 -0.14836 0.15142 0 0 83.15589 0.11945
fb: 0.00000 0.01986 -0.15265 0.16014
fb: 0.00000 0.05156 -0.15265 0.16014
target: 0.00000 0.13019
dist/lin/ang/drive_left/drive_right/tv_l/tv_r/av_l/av_r/x/y/theta/t_err: 0.11974 0.00000 0.99529 -0.05156 0.05156 -0.14406 0.14558 -0.14406 0.14558 0 0 83.13954 0.11974
fb: 0.00000 0.06668 -0.12758 0.13508
fb: 0.00000 0.07567 -0.12758 0.13508
target: 0.00000 0.12149
dist/lin/ang/drive_left/drive_right/tv_l/tv_r/av_l/av_r/x/y/theta/t_err: 0.11148 0.00000 0.92874 -0.07567 0.07567 -0.13417 0.14100 -0.13417 0.14100 0 0 83.61284 0.11148
fb: 0.00000 0.08445 -0.08125 0.08857
fb: 0.00000 0.09107 -0.08125 0.08857
target: 0.00000 0.10838
dist/lin/ang/drive_left/drive_right/tv_l/tv_r/av_l/av_r/x/y/theta/t_err: 0.09959 0.00000 0.82849 -0.09107 0.09107 -0.11003 0.11258 -0.11003 0.11258 0 0 84.29394 0.09959
fb: 0.00000 0.09511 -0.05262 0.05968
fb: 0.00000 0.09615 -0.05262 0.05968
target: 0.00000 0.09185
dist/lin/ang/drive_left/drive_right/tv_l/tv_r/av_l/av_r/x/y/theta/t_err: 0.08556 0.00000 0.70217 -0.09615 0.09615 -0.07617 0.07597 -0.07617 0.07597 0 0 85.09750 0.08556
fb: 0.00000 0.09134 0.05184 -0.05490
fb: 0.00000 0.08500 0.05184 -0.05490
target: 0.00000 0.07332
dist/lin/ang/drive_left/drive_right/tv_l/tv_r/av_l/av_r/x/y/theta/t_err: 0.07110 0.00000 0.56052 -0.08500 0.08500 -0.03028 0.03014 -0.03028 0.03014 0 0 85.92605 0.07110
fb: 0.00000 0.07706 0.07328 -0.07671
fb: 0.00000 0.06675 0.07328 -0.07671
target: 0.00000 0.05545
dist/lin/ang/drive_left/drive_right/tv_l/tv_r/av_l/av_r/x/y/theta/t_err: 0.05843 0.00000 0.42392 -0.06675 0.06675 0.04639 -0.04997 0.04639 -0.04997 0 0 86.65248 0.05843
fb: 0.00000 0.05602 0.08228 -0.08606
fb: 0.00000 0.04543 0.08228 -0.08606
target: 0.00000 0.04025
dist/lin/ang/drive_left/drive_right/tv_l/tv_r/av_l/av_r/x/y/theta/t_err: 0.04862 0.00000 0.30773 -0.04543 0.04543 0.07239 -0.07375 0.07239 -0.07375 0 0 87.21426 0.04862
fb: 0.00000 0.03484 0.08045 -0.08453
fb: 0.00000 0.02348 0.08045 -0.08453
target: 0.00000 0.02924
dist/lin/ang/drive_left/drive_right/tv_l/tv_r/av_l/av_r/x/y/theta/t_err: 0.04208 0.00000 0.22353 -0.02348 0.02348 0.08317 -0.08108 0.08317 -0.08108 0 0 87.58913 0.04208
fb: 0.00000 0.01038 0.06899 -0.07330
fb: 0.00000 -0.00523 0.06899 -0.07330
target: 0.00000 0.02380
dist/lin/ang/drive_left/drive_right/tv_l/tv_r/av_l/av_r/x/y/theta/t_err: 0.03902 0.00000 0.18196 0.00523 -0.00523 0.07647 -0.07667 0.07647 -0.07667 0 0 87.76423 0.03902
fb: 0.00000 -0.02111 0.04754 -0.05196
fb: 0.00000 -0.03658 0.04754 -0.05196
target: 0.00000 0.02630
dist/lin/ang/drive_left/drive_right/tv_l/tv_r/av_l/av_r/x/y/theta/t_err: 0.04041 0.00000 0.20104 0.03658 -0.03658 0.05508 -0.06539 0.05508 -0.06539 0 0 87.68469 0.04041
fb: 0.00000 -0.04571 -0.06787 0.07329
fb: 0.00000 -0.04863 -0.06787 0.07329
target: 0.00000 0.03641
dist/lin/ang/drive_left/drive_right/tv_l/tv_r/av_l/av_r/x/y/theta/t_err: 0.04628 0.00000 0.27836 0.04863 -0.04863 0.01744 -0.02378 0.01744 -0.02378 0 0 87.34808 0.04628
fb: -0.00772 -0.04884 -0.10893 0.11456
fb: -0.01169 -0.04759 -0.10893 0.11456
target: 0.00000 0.04845
dist/lin/ang/drive_left/drive_right/tv_l/tv_r/av_l/av_r/x/y/theta/t_err: 0.05379 0.00000 0.37037 0.03589 -0.05928 -0.06447 0.07206 -0.06447 0.07206 0 0 86.91781 0.05379
fb: -0.01169 -0.04508 -0.12564 0.13150
fb: -0.01545 -0.04229 -0.12564 0.13150
target: 0.00000 0.05924
dist/lin/ang/drive_left/drive_right/tv_l/tv_r/av_l/av_r/x/y/theta/t_err: 0.06101 0.00000 0.45289 0.02685 -0.05774 -0.10181 0.10764 -0.10181 0.10764 0 0 86.50436 0.06101
fb: -0.00772 -0.03742 -0.12729 0.13337
fb: 0.00000 -0.02578 -0.12729 0.13337
target: 0.00000 0.06810
dist/lin/ang/drive_left/drive_right/tv_l/tv_r/av_l/av_r/x/y/theta/t_err: 0.06727 0.00000 0.52061 0.02578 -0.02578 -0.11567 0.11669 -0.11567 0.11669 0 0 86.14564 0.06727
fb: -0.00199 -0.00864 -0.12451 0.13077
fb: -0.00199 0.01484 -0.12451 0.13077
target: 0.00000 0.07248
dist/lin/ang/drive_left/drive_right/tv_l/tv_r/av_l/av_r/x/y/theta/t_err: 0.07048 0.00000 0.55411 -0.01683 0.01285 -0.11619 0.11772 -0.11619 0.11772 0 0 85.96175 0.07048
fb: 0.00000 0.03700 -0.10730 0.11365
fb: 0.00000 0.04926 -0.10730 0.11365
final error was 3.86189
position: -0.10092 -0.35706 86.13811
took 0.94000 time to finish turn
target: 0.00000 0.15697
dist/lin/ang/drive_left/drive_right/tv_l/tv_r/av_l/av_r/x/y/theta/t_err: 1.57079 0.00000 1.20000 0.00000 0.00000 -0.00017 -0.00017 -0.00017 -0.00017 0 0 0.00034 1.57079
fb: 0.00000 0.00000 -0.85057 0.85860
fb: 0.00000 0.00000 -0.85057 0.85860
target: 0.00000 0.31394
dist/lin/ang/drive_left/drive_right/tv_l/tv_r/av_l/av_r/x/y/theta/t_err: 1.57079 0.00000 2.40000 0.00000 0.00000 -0.05800 0.05389 -0.05800 0.05389 0 0 0.00019 1.57079
fb: 0.00000 0.00000 -0.95574 0.96691
fb: 0.00000 0.00132 -0.95574 0.96691
target: 0.00000 0.47092
dist/lin/ang/drive_left/drive_right/tv_l/tv_r/av_l/av_r/x/y/theta/t_err: 1.57079 0.00000 3.60000 -0.00132 0.00132 -0.45053 0.43292 -0.45053 0.43292 0 0 0.00025 1.57079
fb: 0.00000 0.03707 -1.00000 1.00000
fb: 0.00000 0.08382 -1.00000 1.00000
target: 0.00000 0.62789
dist/lin/ang/drive_left/drive_right/tv_l/tv_r/av_l/av_r/x/y/theta/t_err: 1.56881 0.00000 4.80000 -0.08382 0.08382 -0.55369 0.43033 -0.55369 0.43033 0 0 0.11383 1.56881
fb: 0.00000 0.12667 -1.00000 1.00000
fb: 0.00000 0.17064 -1.00000 1.00000
target: 0.00000 0.78486
dist/lin/ang/drive_left/drive_right/tv_l/tv_r/av_l/av_r/x/y/theta/t_err: 1.55445 0.00000 6.00000 -0.17064 0.17064 -0.42694 0.62264 -0.42694 0.62264 0 0 0.93676 1.55445
fb: 0.00000 0.20896 -1.00000 1.00000
fb: 0.00000 0.25195 -1.00000 1.00000
target: 0.00000 0.78486
dist/lin/ang/drive_left/drive_right/tv_l/tv_r/av_l/av_r/x/y/theta/t_err: 1.52704 0.00000 6.00000 -0.25195 0.25195 -0.64594 0.72961 -0.64594 0.72961 0 0 2.50705 1.52704
fb: 0.00000 0.30191 -0.56488 0.58547
fb: 0.00000 0.35604 -0.56488 0.58547
target: 0.00000 0.78486
dist/lin/ang/drive_left/drive_right/tv_l/tv_r/av_l/av_r/x/y/theta/t_err: 1.48662 0.00000 6.00000 -0.35604 0.35604 -0.76142 0.63344 -0.76142 0.63344 0 0 4.82283 1.48662
fb: 0.00000 0.40398 -0.56488 0.58547
fb: 0.00000 0.44599 -0.56488 0.58547
target: 0.00000 0.78486
dist/lin/ang/drive_left/drive_right/tv_l/tv_r/av_l/av_r/x/y/theta/t_err: 1.43060 0.00000 6.00000 -0.44599 0.44599 -0.22517 0.47483 -0.22517 0.47483 0 0 8.03254 1.43060
fb: 0.00000 0.46745 -0.56488 0.58547
fb: 0.00000 0.47609 -0.56488 0.58547
target: 0.00000 0.78486
dist/lin/ang/drive_left/drive_right/tv_l/tv_r/av_l/av_r/x/y/theta/t_err: 1.36202 0.00000 6.00000 -0.47609 0.47609 -0.46833 0.54481 -0.46833 0.54481 0 0 11.96196 1.36202
fb: 0.00000 0.49114 -0.56488 0.58547
fb: 0.00000 0.51901 -0.56488 0.58547
target: 0.00000 0.78486
dist/lin/ang/drive_left/drive_right/tv_l/tv_r/av_l/av_r/x/y/theta/t_err: 1.28876 0.00000 6.00000 -0.51901 0.51901 -0.53300 0.55764 -0.53300 0.55764 0 0 16.15969 1.28876
fb: 0.00000 0.54765 -0.56488 0.58547
fb: 0.00000 0.57733 -0.56488 0.58547
target: 0.00000 0.78486
dist/lin/ang/drive_left/drive_right/tv_l/tv_r/av_l/av_r/x/y/theta/t_err: 1.20855 0.00000 6.00000 -0.57733 0.57733 -0.54208 0.55747 -0.54208 0.55747 0 0 20.75493 1.20855
fb: 0.00000 0.61120 -0.56488 0.58547
fb: 0.00000 0.63677 -0.56488 0.58547
target: 0.00000 0.64022
dist/lin/ang/drive_left/drive_right/tv_l/tv_r/av_l/av_r/x/y/theta/t_err: 1.11913 0.00000 4.89431 -0.63677 0.63677 -0.54531 0.55986 -0.54531 0.55986 0 0 25.87830 1.11913
fb: 0.00000 0.66087 0.26093 -0.25302
fb: 0.00000 0.68749 0.26093 -0.25302
target: 0.00000 0.60626
dist/lin/ang/drive_left/drive_right/tv_l/tv_r/av_l/av_r/x/y/theta/t_err: 1.02110 0.00000 4.63470 -0.68749 0.68749 -0.42417 0.36789 -0.42417 0.36789 0 0 31.49556 1.02110
fb: 0.00000 0.70916 -0.29240 0.30942
fb: 0.00000 0.71027 -0.29240 0.30942
target: 0.00000 0.56779
dist/lin/ang/drive_left/drive_right/tv_l/tv_r/av_l/av_r/x/y/theta/t_err: 0.91546 0.00000 4.34058 -0.71027 0.71027 0.04158 -0.03250 0.04158 -0.03250 0 0 37.54820 0.91546
fb: 0.00000 0.68784 -0.24632 0.26256
fb: 0.00000 0.63997 -0.24632 0.26256
target: 0.00000 0.52634
dist/lin/ang/drive_left/drive_right/tv_l/tv_r/av_l/av_r/x/y/theta/t_err: 0.80809 0.00000 4.02370 -0.63997 0.63997 -0.24244 0.23511 -0.24244 0.23511 0 0 43.69961 0.80809
fb: -0.00375 0.59663 -0.20514 0.22056
fb: -0.02140 0.57301 -0.20514 0.22056
target: 0.00000 0.48684
dist/lin/ang/drive_left/drive_right/tv_l/tv_r/av_l/av_r/x/y/theta/t_err: 0.71202 0.00000 3.72175 -0.59442 0.55161 -0.24692 0.25206 -0.24692 0.25206 0 0 49.20428 0.71202
fb: -0.03883 0.55518 -0.18747 0.20210
fb: -0.05428 0.53985 -0.18747 0.20210
target: 0.00000 0.44873
dist/lin/ang/drive_left/drive_right/tv_l/tv_r/av_l/av_r/x/y/theta/t_err: 0.62507 0.00000 3.43038 -0.59413 0.48557 -0.21200 0.22450 -0.21200 0.22450 0 0 54.18595 0.62507
fb: -0.07370 0.53044 -0.16816 0.18202
fb: -0.07745 0.51637 -0.16816 0.18202
target: 0.00000 0.41021
dist/lin/ang/drive_left/drive_right/tv_l/tv_r/av_l/av_r/x/y/theta/t_err: 0.54295 0.00000 3.13588 -0.59381 0.43892 -0.18925 0.20242 -0.18925 0.20242 0 0 58.89152 0.54295
fb: -0.06994 0.49874 -0.14051 0.15360
fb: -0.07171 0.48230 -0.14051 0.15360
target: 0.00000 0.37074
dist/lin/ang/drive_left/drive_right/tv_l/tv_r/av_l/av_r/x/y/theta/t_err: 0.46481 0.00000 2.83419 -0.55401 0.41059 -0.17247 0.17556 -0.17247 0.17556 0 0 63.36863 0.46481
fb: -0.06972 0.46690 -0.10983 0.12213
fb: -0.06597 0.45024 -0.10983 0.12213
target: 0.00000 0.33068
dist/lin/ang/drive_left/drive_right/tv_l/tv_r/av_l/av_r/x/y/theta/t_err: 0.39169 0.00000 2.52793 -0.51622 0.38427 -0.15125 0.14989 -0.15125 0.14989 0 0 67.55782 0.39169
fb: -0.06200 0.43136 -0.08030 0.09181
fb: -0.05627 0.41513 -0.08030 0.09181
target: 0.00000 0.28986
dist/lin/ang/drive_left/drive_right/tv_l/tv_r/av_l/av_r/x/y/theta/t_err: 0.32362 0.00000 2.21587 -0.47139 0.35886 -0.11483 0.11775 -0.11483 0.11775 0 0 71.45782 0.32362
fb: -0.05251 0.39868 -0.04954 0.06023
fb: -0.03685 0.38015 -0.04954 0.06023
target: 0.00000 0.24816
dist/lin/ang/drive_left/drive_right/tv_l/tv_r/av_l/av_r/x/y/theta/t_err: 0.26080 0.00000 1.89713 -0.41700 0.34330 -0.09461 0.09189 -0.09461 0.09189 0 0 75.05741 0.26080
fb: -0.03288 0.36169 0.06038 -0.06031
fb: -0.03486 0.34253 0.06038 -0.06031
target: 0.00000 0.20536
dist/lin/ang/drive_left/drive_right/tv_l/tv_r/av_l/av_r/x/y/theta/t_err: 0.20335 0.00000 1.56992 -0.37739 0.30766 -0.05392 0.02978 -0.05392 0.02978 0 0 78.34887 0.20335
fb: -0.03486 0.31619 0.09404 -0.09482
fb: -0.04457 0.27787 0.09404 -0.09482
target: 0.00000 0.16164
dist/lin/ang/drive_left/drive_right/tv_l/tv_r/av_l/av_r/x/y/theta/t_err: 0.15204 0.00000 1.23567 -0.32244 0.23329 0.04911 -0.06025 0.04911 -0.06025 0 0 81.28893 0.15204
fb: -0.04281 0.22686 0.12748 -0.12914
fb: -0.04281 0.17300 0.12748 -0.12914
target: 0.00000 0.12163
dist/lin/ang/drive_left/drive_right/tv_l/tv_r/av_l/av_r/x/y/theta/t_err: 0.11161 0.00000 0.92981 -0.21581 0.13020 0.08519 -0.09019 0.08519 -0.09019 0 0 83.60539 0.11161
fb: -0.04457 0.12305 0.13758 -0.14004
fb: -0.03884 0.07372 0.13758 -0.14004
target: 0.00000 0.09360
dist/lin/ang/drive_left/drive_right/tv_l/tv_r/av_l/av_r/x/y/theta/t_err: 0.08700 0.00000 0.71551 -0.11255 0.03488 0.11311 -0.11447 0.11311 -0.11447 0 0 85.01553 0.08700
fb: -0.03884 0.02418 0.10246 -0.10548
fb: -0.02714 -0.01819 0.10246 -0.10548
target: 0.00000 0.08185
dist/lin/ang/drive_left/drive_right/tv_l/tv_r/av_l/av_r/x/y/theta/t_err: 0.07760 0.00000 0.62575 -0.00896 -0.04533 0.12047 -0.12028 0.12047 -0.12028 0 0 85.55402 0.07760
fb: -0.01147 -0.04606 -0.04103 0.04756
fb: -0.01147 -0.06208 -0.04103 0.04756
target: 0.00000 0.08648
dist/lin/ang/drive_left/drive_right/tv_l/tv_r/av_l/av_r/x/y/theta/t_err: 0.08124 0.00000 0.66112 0.05061 -0.07356 0.08194 -0.06589 0.08194 -0.06589 0 0 85.34550 0.08124
fb: -0.01942 -0.06793 -0.11778 0.12441
fb: -0.02714 -0.06522 -0.11778 0.12441
target: 0.00000 0.09831
dist/lin/ang/drive_left/drive_right/tv_l/tv_r/av_l/av_r/x/y/theta/t_err: 0.09092 0.00000 0.75158 0.03808 -0.09236 -0.04417 0.05219 -0.04417 0.05219 0 0 84.79045 0.09092
fb: -0.02714 -0.06006 -0.15814 0.16500
fb: -0.01942 -0.05379 -0.15814 0.16500
target: 0.00000 0.10971
dist/lin/ang/drive_left/drive_right/tv_l/tv_r/av_l/av_r/x/y/theta/t_err: 0.10077 0.00000 0.83873 0.03437 -0.07321 -0.10817 0.11825 -0.10817 0.11825 0 0 84.22612 0.10077
fb: -0.00772 -0.04710 -0.16384 0.17092
fb: 0.00000 -0.03623 -0.16384 0.17092
target: 0.00000 0.11855
dist/lin/ang/drive_left/drive_right/tv_l/tv_r/av_l/av_r/x/y/theta/t_err: 0.10875 0.00000 0.90625 0.03623 -0.03623 -0.14133 0.14767 -0.14133 0.14767 0 0 83.76904 0.10875
fb: -0.00199 -0.01763 -0.15819 0.16545
fb: -0.00199 0.01247 -0.15819 0.16545
target: 0.00000 0.12363
dist/lin/ang/drive_left/drive_right/tv_l/tv_r/av_l/av_r/x/y/theta/t_err: 0.11348 0.00000 0.94508 -0.01446 0.01049 -0.14542 0.15078 -0.14542 0.15078 0 0 83.49825 0.11348
fb: 0.00000 0.04487 -0.14471 0.15208
fb: 0.00000 0.05971 -0.14471 0.15208
target: 0.00000 0.12020
dist/lin/ang/drive_left/drive_right/tv_l/tv_r/av_l/av_r/x/y/theta/t_err: 0.11027 0.00000 0.91886 -0.05971 0.05971 -0.14286 0.14472 -0.14286 0.14472 0 0 83.68174 0.11027
fb: 0.00000 0.06612 -0.10412 0.11142
fb: 0.00000 0.07602 -0.10412 0.11142
target: 0.00000 0.10999
dist/lin/ang/drive_left/drive_right/tv_l/tv_r/av_l/av_r/x/y/theta/t_err: 0.10101 0.00000 0.84080 -0.07602 0.07602 -0.12869 0.13208 -0.12869 0.13208 0 0 84.21237 0.10101
fb: 0.00000 0.08403 -0.06677 0.07386
fb: 0.00000 0.08828 -0.06677 0.07386
target: 0.00000 0.09612
dist/lin/ang/drive_left/drive_right/tv_l/tv_r/av_l/av_r/x/y/theta/t_err: 0.08909 0.00000 0.73481 -0.08828 0.08828 -0.09633 0.10078 -0.09633 0.10078 0 0 84.89570 0.08909
fb: 0.00000 0.08967 -0.04103 0.04785
fb: 0.00000 0.08626 -0.04103 0.04785
target: 0.00000 0.07919
dist/lin/ang/drive_left/drive_right/tv_l/tv_r/av_l/av_r/x/y/theta/t_err: 0.07554 0.00000 0.60535 -0.08626 0.08626 -0.06294 0.06931 -0.06294 0.06931 0 0 85.67210 0.07554
fb: 0.00000 0.08027 0.06217 -0.06548
fb: 0.00000 0.07413 0.06217 -0.06548
target: 0.00000 0.06151
dist/lin/ang/drive_left/drive_right/tv_l/tv_r/av_l/av_r/x/y/theta/t_err: 0.06258 0.00000 0.47022 -0.07413 0.07413 -0.01900 0.04639 -0.01900 0.04639 0 0 86.41424 0.06258
fb: 0.00000 0.06633 0.07736 -0.08102
fb: 0.00000 0.05783 0.07736 -0.08102
target: 0.00000 0.04498
dist/lin/ang/drive_left/drive_right/tv_l/tv_r/av_l/av_r/x/y/theta/t_err: 0.05157 0.00000 0.34386 -0.05783 0.05783 0.05900 -0.05681 0.05900 -0.05681 0 0 87.04511 0.05157
fb: 0.00000 0.04975 0.08327 -0.08726
fb: 0.00000 0.04243 0.08327 -0.08726
target: 0.00000 0.03091
dist/lin/ang/drive_left/drive_right/tv_l/tv_r/av_l/av_r/x/y/theta/t_err: 0.04304 0.00000 0.23632 -0.04243 0.04243 0.07531 -0.08058 0.07531 -0.08058 0 0 87.53394 0.04304
fb: 0.00000 0.03449 0.08161 -0.08589
fb: 0.00000 0.02383 0.08161 -0.08589
target: 0.00000 0.01987
dist/lin/ang/drive_left/drive_right/tv_l/tv_r/av_l/av_r/x/y/theta/t_err: 0.03688 0.00000 0.15191 -0.02383 0.02383 0.08300 -0.08039 0.08300 -0.08039 0 0 87.88673 0.03688
fb: 0.00000 0.01059 0.07540 -0.07990
fb: 0.00000 -0.00564 0.07540 -0.07990
target: 0.00000 0.01399
dist/lin/ang/drive_left/drive_right/tv_l/tv_r/av_l/av_r/x/y/theta/t_err: 0.03380 0.00000 0.10694 0.00564 -0.00564 0.07753 -0.07767 0.07753 -0.07767 0 0 88.06354 0.03380
fb: 0.00000 -0.02209 0.05612 -0.06073
fb: 0.00000 -0.03400 0.05612 -0.06073
target: 0.00000 0.01683
dist/lin/ang/drive_left/drive_right/tv_l/tv_r/av_l/av_r/x/y/theta/t_err: 0.03527 0.00000 0.12862 0.03400 -0.03400 0.06522 -0.06758 0.06522 -0.06758 0 0 87.97924 0.03527
fb: 0.00000 -0.04020 -0.06306 0.06829
fb: 0.00000 -0.04299 -0.06306 0.06829
target: 0.00000 0.02674
dist/lin/ang/drive_left/drive_right/tv_l/tv_r/av_l/av_r/x/y/theta/t_err: 0.04066 0.00000 0.20439 0.04299 -0.04299 0.02378 -0.03267 0.02378 -0.03267 0 0 87.67057 0.04066
fb: 0.00000 -0.04404 -0.10154 0.10697
fb: 0.00000 -0.04271 -0.10154 0.10697
target: 0.00000 0.03816
dist/lin/ang/drive_left/drive_right/tv_l/tv_r/av_l/av_r/x/y/theta/t_err: 0.04734 0.00000 0.29171 0.04271 -0.04271 -0.06553 0.05869 -0.06553 0.05869 0 0 87.28768 0.04734
fb: 0.00000 -0.03937 -0.11599 0.12164
fb: -0.00397 -0.03595 -0.11599 0.12164
target: 0.00000 0.04842
dist/lin/ang/drive_left/drive_right/tv_l/tv_r/av_l/av_r/x/y/theta/t_err: 0.05378 0.00000 0.37016 0.03198 -0.03992 -0.10267 0.09531 -0.10267 0.09531 0 0 86.91883 0.05378
fb: -0.01169 -0.03163 -0.11764 0.12350
fb: -0.00772 -0.02376 -0.11764 0.12350
final error was 3.38713
position: -0.15787 -0.47142 86.61287
took 0.92000 time to finish turn
increased to 135.00000
target: 0.00000 0.15697
dist/lin/ang/drive_left/drive_right/tv_l/tv_r/av_l/av_r/x/y/theta/t_err: 2.35620 0.00000 1.20000 0.00000 0.00000 -0.00017 -0.00033 -0.00017 -0.00033 0 0 -0.00016 2.35620
fb: 0.00000 0.00000 -0.85057 0.85860
fb: 0.00000 0.00000 -0.85057 0.85860
target: 0.00000 0.31394
dist/lin/ang/drive_left/drive_right/tv_l/tv_r/av_l/av_r/x/y/theta/t_err: 2.35620 0.00000 2.40000 0.00000 0.00000 -0.11158 0.03883 -0.11158 0.03883 0 0 -0.00029 2.35620
fb: 0.00000 0.00000 -0.95574 0.96691
fb: 0.00000 0.00794 -0.95574 0.96691
target: 0.00000 0.47092
dist/lin/ang/drive_left/drive_right/tv_l/tv_r/av_l/av_r/x/y/theta/t_err: 2.35619 0.00000 3.60000 -0.00794 0.00794 -0.50683 0.38500 -0.50683 0.38500 0 0 0.00023 2.35619
fb: 0.00000 0.04822 -1.00000 1.00000
fb: 0.00000 0.09385 -1.00000 1.00000
target: 0.00000 0.62789
dist/lin/ang/drive_left/drive_right/tv_l/tv_r/av_l/av_r/x/y/theta/t_err: 2.35303 0.00000 4.80000 -0.09385 0.09385 -0.57167 0.39528 -0.57167 0.39528 0 0 0.18140 2.35303
fb: 0.00000 0.13670 -1.00000 1.00000
fb: 0.00000 0.17370 -1.00000 1.00000
target: 0.00000 0.78486
dist/lin/ang/drive_left/drive_right/tv_l/tv_r/av_l/av_r/x/y/theta/t_err: 2.33701 0.00000 6.00000 -0.17370 0.17370 -0.51967 0.50989 -0.51967 0.50989 0 0 1.09935 2.33701
fb: 0.00000 0.21488 -1.00000 1.00000
fb: -0.00397 0.26080 -1.00000 1.00000
target: 0.00000 0.78486
dist/lin/ang/drive_left/drive_right/tv_l/tv_r/av_l/av_r/x/y/theta/t_err: 2.30890 0.00000 6.00000 -0.26477 0.25682 -0.67314 0.59922 -0.67314 0.59922 0 0 2.70987 2.30890
fb: -0.00397 0.30790 -0.56488 0.58547
fb: 0.00000 0.35333 -0.56488 0.58547
target: 0.00000 0.78486
dist/lin/ang/drive_left/drive_right/tv_l/tv_r/av_l/av_r/x/y/theta/t_err: 2.26734 0.00000 6.00000 -0.35333 0.35333 -0.69967 0.65636 -0.69967 0.65636 0 0 5.09099 2.26734
fb: 0.00000 0.39841 -0.56488 0.58547
fb: 0.00000 0.43965 -0.56488 0.58547
target: 0.00000 0.78486
dist/lin/ang/drive_left/drive_right/tv_l/tv_r/av_l/av_r/x/y/theta/t_err: 2.21171 0.00000 6.00000 -0.43965 0.43965 -0.44744 0.45908 -0.44744 0.45908 0 0 8.27832 2.21171
fb: 0.00000 0.47268 -0.56488 0.58547
fb: 0.00000 0.49874 -0.56488 0.58547
target: 0.00000 0.78486
dist/lin/ang/drive_left/drive_right/tv_l/tv_r/av_l/av_r/x/y/theta/t_err: 2.14355 0.00000 6.00000 -0.49874 0.49874 -0.52428 0.53917 -0.52428 0.53917 0 0 12.18361 2.14355
fb: 0.00000 0.52306 -0.56488 0.58547
fb: 0.00000 0.55141 -0.56488 0.58547
target: 0.00000 0.78486
dist/lin/ang/drive_left/drive_right/tv_l/tv_r/av_l/av_r/x/y/theta/t_err: 2.06655 0.00000 6.00000 -0.55141 0.55141 -0.54208 0.56019 -0.54208 0.56019 0 0 16.59559 2.06655
fb: -0.00397 0.58172 -0.56488 0.58547
fb: -0.00772 0.61078 -0.56488 0.58547
target: 0.00000 0.78486
dist/lin/ang/drive_left/drive_right/tv_l/tv_r/av_l/av_r/x/y/theta/t_err: 1.98123 0.00000 6.00000 -0.61850 0.60306 -0.54361 0.56056 -0.54361 0.56056 0 0 21.48370 1.98123
fb: -0.01147 0.64130 -0.56488 0.58547
fb: -0.01169 0.66742 -0.56488 0.58547
target: 0.00000 0.78486
dist/lin/ang/drive_left/drive_right/tv_l/tv_r/av_l/av_r/x/y/theta/t_err: 1.88688 0.00000 6.00000 -0.67912 0.65573 -0.54514 0.56069 -0.54514 0.56069 0 0 26.88954 1.88688
fb: -0.01942 0.69118 -0.56488 0.58547
fb: -0.03883 0.71202 -0.56488 0.58547
target: 0.00000 0.78486
dist/lin/ang/drive_left/drive_right/tv_l/tv_r/av_l/av_r/x/y/theta/t_err: 1.78415 0.00000 6.00000 -0.75085 0.67319 -0.54722 0.56414 -0.54722 0.56414 0 0 32.77596 1.78415
fb: -0.05428 0.73062 -0.56488 0.58547
fb: -0.05803 0.74992 -0.56488 0.58547
target: 0.00000 0.78486
dist/lin/ang/drive_left/drive_right/tv_l/tv_r/av_l/av_r/x/y/theta/t_err: 1.67477 0.00000 6.00000 -0.80795 0.69189 -0.54719 0.56142 -0.54719 0.56142 0 0 39.04251 1.67477
fb: -0.05251 0.76887 -0.56488 0.58547
fb: -0.05427 0.78970 -0.56488 0.58547
target: 0.00000 0.78486
dist/lin/ang/drive_left/drive_right/tv_l/tv_r/av_l/av_r/x/y/theta/t_err: 1.55957 0.00000 6.00000 -0.84398 0.73543 -0.54669 0.56244 -0.54669 0.56244 0 0 45.64329 1.55957
fb: -0.06001 0.80977 -0.56488 0.58547
fb: -0.05824 0.82454 -0.56488 0.58547
target: 0.00000 0.78486
dist/lin/ang/drive_left/drive_right/tv_l/tv_r/av_l/av_r/x/y/theta/t_err: 1.43818 0.00000 6.00000 -0.88279 0.76630 -0.54856 0.56467 -0.54856 0.56467 0 0 52.59834 1.43818
fb: -0.05626 0.83897 -0.56488 0.58547
fb: -0.06199 0.85604 -0.56488 0.58547
target: 0.00000 0.78486
dist/lin/ang/drive_left/drive_right/tv_l/tv_r/av_l/av_r/x/y/theta/t_err: 1.31164 0.00000 6.00000 -0.91803 0.79404 -0.54669 0.56381 -0.54669 0.56381 0 0 59.84844 1.31164
fb: -0.07369 0.87171 -0.56488 0.58547
fb: -0.08339 0.88572 -0.56488 0.58547
target: 0.00000 0.66062
dist/lin/ang/drive_left/drive_right/tv_l/tv_r/av_l/av_r/x/y/theta/t_err: 1.18018 0.00000 5.05025 -0.96911 0.80232 -0.54739 0.56347 -0.54739 0.56347 0 0 67.38059 1.18018
fb: -0.10082 0.89450 0.15547 -0.14715
fb: -0.11450 0.90369 0.15547 -0.14715
target: 0.00000 0.61450
dist/lin/ang/drive_left/drive_right/tv_l/tv_r/av_l/av_r/x/y/theta/t_err: 1.04446 0.00000 4.69767 -1.01819 0.78919 -0.35847 0.37731 -0.35847 0.37731 0 0 75.15665 1.04446
fb: -0.12222 0.91282 -0.24320 0.26038
fb: -0.14737 0.90634 -0.24320 0.26038
target: 0.00000 0.56419
dist/lin/ang/drive_left/drive_right/tv_l/tv_r/av_l/av_r/x/y/theta/t_err: 0.90586 0.00000 4.31304 -1.05371 0.75897 0.00411 0.00206 0.00411 0.00206 0 0 83.09801 0.90586
fb: -0.15112 0.87262 -0.19062 0.20680
fb: -0.14936 0.80719 -0.19062 0.20680
target: 0.00000 0.51039
dist/lin/ang/drive_left/drive_right/tv_l/tv_r/av_l/av_r/x/y/theta/t_err: 0.76857 0.00000 3.90178 -0.95655 0.65783 -0.21472 0.20911 -0.21472 0.20911 0 0 90.96428 0.76857
fb: -0.13590 0.75110 -0.13889 0.15400
fb: -0.12797 0.70686 -0.13889 0.15400
target: 0.00000 0.45866
dist/lin/ang/drive_left/drive_right/tv_l/tv_r/av_l/av_r/x/y/theta/t_err: 0.64717 0.00000 3.50627 -0.83483 0.57890 -0.21781 0.20447 -0.21781 0.20447 0 0 97.91965 0.64717
fb: -0.13767 0.67209 -0.11351 0.12758
fb: -0.12025 0.64276 -0.11351 0.12758
target: 0.00000 0.40881
dist/lin/ang/drive_left/drive_right/tv_l/tv_r/av_l/av_r/x/y/theta/t_err: 0.54007 0.00000 3.12519 -0.76301 0.52251 -0.16322 0.15842 -0.16322 0.15842 0 0 104.05612 0.54007
fb: -0.10855 0.61440 -0.08860 0.10167
fb: -0.11054 0.57887 -0.08860 0.10167
target: 0.00000 0.35898
dist/lin/ang/drive_left/drive_right/tv_l/tv_r/av_l/av_r/x/y/theta/t_err: 0.44269 0.00000 2.74427 -0.68941 0.46833 -0.12697 0.13092 -0.12697 0.13092 0 0 109.63570 0.44269
fb: -0.10856 0.53755 -0.05531 0.06738
fb: -0.11054 0.50034 -0.05531 0.06738
target: 0.00000 0.30952
dist/lin/ang/drive_left/drive_right/tv_l/tv_r/av_l/av_r/x/y/theta/t_err: 0.35560 0.00000 2.36618 -0.61088 0.38980 -0.09872 0.10778 -0.09872 0.10778 0 0 114.62570 0.35560
fb: -0.11253 0.46529 0.05420 -0.05291
fb: -0.10459 0.43094 0.05420 -0.05291
target: 0.00000 0.26156
dist/lin/ang/drive_left/drive_right/tv_l/tv_r/av_l/av_r/x/y/theta/t_err: 0.28024 0.00000 1.99952 -0.53553 0.32636 -0.04894 0.05339 -0.04894 0.05339 0 0 118.94344 0.28024
fb: -0.09311 0.39652 0.07962 -0.07928
fb: -0.07966 0.35340 0.07962 -0.07928
target: 0.00000 0.21487
dist/lin/ang/drive_left/drive_right/tv_l/tv_r/av_l/av_r/x/y/theta/t_err: 0.21549 0.00000 1.64259 -0.43305 0.27374 0.04022 -0.04039 0.04022 -0.04039 0 0 122.65319 0.21549
fb: -0.07546 0.29870 0.10516 -0.10576
fb: -0.07171 0.24254 0.10516 -0.10576
target: 0.00000 0.17197
dist/lin/ang/drive_left/drive_right/tv_l/tv_r/av_l/av_r/x/y/theta/t_err: 0.16349 0.00000 1.31466 -0.31425 0.17083 0.07014 -0.07050 0.07014 -0.07050 0 0 125.63267 0.16349
fb: -0.08341 0.18785 0.11684 -0.11829
fb: -0.09687 0.13580 0.11684 -0.11829
target: 0.00000 0.13898
dist/lin/ang/drive_left/drive_right/tv_l/tv_r/av_l/av_r/x/y/theta/t_err: 0.12837 0.00000 1.06243 -0.23267 0.03893 0.09547 -0.09617 0.09547 -0.09617 0 0 127.64491 0.12837
fb: -0.07569 0.08410 0.09439 -0.09650
fb: -0.05825 0.03769 0.09439 -0.09650
target: 0.00000 0.11939
dist/lin/ang/drive_left/drive_right/tv_l/tv_r/av_l/av_r/x/y/theta/t_err: 0.10953 0.00000 0.91268 -0.09595 -0.02056 0.10008 -0.10028 0.10008 -0.10028 0 0 128.72456 0.10953
fb: -0.04855 -0.00077 0.04718 -0.04969
fb: -0.03685 -0.02710 0.04718 -0.04969
target: 0.00000 0.11458
dist/lin/ang/drive_left/drive_right/tv_l/tv_r/av_l/av_r/x/y/theta/t_err: 0.10513 0.00000 0.87590 -0.00975 -0.06395 0.07528 -0.07664 0.07528 -0.07664 0 0 128.97666 0.10513
fb: -0.03288 -0.04229 -0.09414 0.10132
fb: -0.02714 -0.04919 -0.09414 0.10132
target: 0.00000 0.11964
dist/lin/ang/drive_left/drive_right/tv_l/tv_r/av_l/av_r/x/y/theta/t_err: 0.10976 0.00000 0.91459 0.02205 -0.07633 0.00839 -0.00922 0.00839 -0.00922 0 0 128.71132 0.10976
fb: -0.01942 -0.04912 -0.14196 0.14924
fb: -0.01545 -0.04466 -0.14196 0.14924
target: 0.00000 0.12757
dist/lin/ang/drive_left/drive_right/tv_l/tv_r/av_l/av_r/x/y/theta/t_err: 0.11721 0.00000 0.97522 0.02922 -0.06011 -0.09344 0.09858 -0.09344 0.09858 0 0 128.28409 0.11721
fb: -0.01169 -0.03797 -0.16018 0.16763
fb: -0.00397 -0.02878 -0.16018 0.16763
target: 0.00000 0.13435
dist/lin/ang/drive_left/drive_right/tv_l/tv_r/av_l/av_r/x/y/theta/t_err: 0.12379 0.00000 1.02708 0.02480 -0.03275 -0.13517 0.13331 -0.13517 0.13331 0 0 127.90744 0.12379
fb: 0.00000 -0.01380 -0.15957 0.16715
fb: 0.00000 0.00899 -0.15957 0.16715
target: 0.00000 0.13815
dist/lin/ang/drive_left/drive_right/tv_l/tv_r/av_l/av_r/x/y/theta/t_err: 0.12755 0.00000 1.05611 -0.00899 0.00899 -0.14561 0.14408 -0.14561 0.14408 0 0 127.69221 0.12755
fb: 0.00000 0.03776 -0.14867 0.15632
fb: 0.00000 0.06034 -0.14867 0.15632
target: 0.00000 0.13560
dist/lin/ang/drive_left/drive_right/tv_l/tv_r/av_l/av_r/x/y/theta/t_err: 0.12502 0.00000 1.03663 -0.06034 0.06034 -0.13722 0.14319 -0.13722 0.14319 0 0 127.83699 0.12502
fb: 0.00000 0.07079 -0.11841 0.12602
fb: 0.00000 0.07511 -0.11841 0.12602
target: 0.00000 0.12575
dist/lin/ang/drive_left/drive_right/tv_l/tv_r/av_l/av_r/x/y/theta/t_err: 0.11549 0.00000 0.96135 -0.07511 0.07511 -0.12764 0.13192 -0.12764 0.13192 0 0 128.38304 0.11549
fb: 0.00000 0.08159 -0.07897 0.08638
fb: 0.00000 0.08410 -0.07897 0.08638
target: 0.00000 0.11297
dist/lin/ang/drive_left/drive_right/tv_l/tv_r/av_l/av_r/x/y/theta/t_err: 0.10368 0.00000 0.86365 -0.08410 0.08410 -0.10489 0.10525 -0.10489 0.10525 0 0 129.05945 0.10368
fb: 0.00000 0.08277 -0.05720 0.06436
fb: 0.00000 0.08055 -0.05720 0.06436
target: 0.00000 0.09824
dist/lin/ang/drive_left/drive_right/tv_l/tv_r/av_l/av_r/x/y/theta/t_err: 0.09086 0.00000 0.75104 -0.08055 0.08055 -0.07103 0.07514 -0.07103 0.07514 0 0 129.79386 0.09086
fb: 0.00000 0.07462 0.03949 0.04542
fb: 0.00000 0.06793 0.03949 0.04542
target: 0.00000 0.08335
dist/lin/ang/drive_left/drive_right/tv_l/tv_r/av_l/av_r/x/y/theta/t_err: 0.07876 0.00000 0.63718 -0.06793 0.06793 -0.04361 0.05561 -0.04361 0.05561 0 0 130.48714 0.07876
fb: 0.00000 0.06124 0.05020 -0.05343
fb: 0.00000 0.05274 0.05020 -0.05343
target: 0.00000 0.06992
dist/lin/ang/drive_left/drive_right/tv_l/tv_r/av_l/av_r/x/y/theta/t_err: 0.06860 0.00000 0.53455 -0.05274 0.05274 0.03100 0.00875 0.03100 0.00875 0 0 131.06962 0.06860
fb: 0.00000 0.04271 0.05259 -0.05608
fb: 0.00000 0.03275 0.05259 -0.05608
target: 0.00000 0.05908
dist/lin/ang/drive_left/drive_right/tv_l/tv_r/av_l/av_r/x/y/theta/t_err: 0.06090 0.00000 0.45167 -0.03275 0.03275 0.05033 -0.04775 0.05033 -0.04775 0 0 131.51064 0.06090
fb: 0.00000 0.02244 0.04822 -0.05193
fb: 0.00000 0.01268 0.04822 -0.05193
target: 0.00000 0.05225
dist/lin/ang/drive_left/drive_right/tv_l/tv_r/av_l/av_r/x/y/theta/t_err: 0.05629 0.00000 0.39947 -0.01268 0.01268 0.05200 -0.05339 0.05200 -0.05339 0 0 131.77496 0.05629
fb: 0.00000 0.00397 -0.04330 0.04924
fb: 0.00000 -0.00474 -0.04330 0.04924
target: 0.00000 0.04981
dist/lin/ang/drive_left/drive_right/tv_l/tv_r/av_l/av_r/x/y/theta/t_err: 0.05468 0.00000 0.38075 0.00474 -0.00474 0.03456 -0.01881 0.03456 -0.01881 0 0 131.86722 0.05468
fb: 0.00000 -0.01289 -0.06137 0.06726
fb: 0.00000 -0.01749 -0.06137 0.06726
target: 0.00000 0.05141
dist/lin/ang/drive_left/drive_right/tv_l/tv_r/av_l/av_r/x/y/theta/t_err: 0.05573 0.00000 0.39300 0.01749 -0.01749 -0.04072 0.04619 -0.04072 0.04619 0 0 131.80700 0.05573
fb: 0.00000 -0.01986 -0.08068 0.08660
fb: 0.00000 -0.02035 -0.08068 0.08660
target: 0.00000 0.05560
dist/lin/ang/drive_left/drive_right/tv_l/tv_r/av_l/av_r/x/y/theta/t_err: 0.05853 0.00000 0.42505 0.02035 -0.02035 -0.06467 0.07017 -0.06467 0.07017 0 0 131.64673 0.05853
fb: 0.00000 -0.01951 -0.09514 0.10115
fb: 0.00000 -0.01756 -0.09514 0.10115
target: 0.00000 0.06015
dist/lin/ang/drive_left/drive_right/tv_l/tv_r/av_l/av_r/x/y/theta/t_err: 0.06164 0.00000 0.45981 0.01756 -0.01756 -0.08211 0.08761 -0.08211 0.08761 0 0 131.46853 0.06164
fb: 0.00000 -0.00697 -0.09978 0.10587
fb: 0.00000 0.01324 -0.09978 0.10587
target: 0.00000 0.06333
dist/lin/ang/drive_left/drive_right/tv_l/tv_r/av_l/av_r/x/y/theta/t_err: 0.06386 0.00000 0.48415 -0.01324 0.01324 -0.08642 0.09683 -0.08642 0.09683 0 0 131.34096 0.06386
fb: 0.00000 0.02794 -0.09578 0.10194
fb: 0.00000 0.03470 -0.09578 0.10194
target: 0.00000 0.05969
dist/lin/ang/drive_left/drive_right/tv_l/tv_r/av_l/av_r/x/y/theta/t_err: 0.06132 0.00000 0.45628 -0.03470 0.03470 -0.08658 0.09789 -0.08658 0.09789 0 0 131.48680 0.06132
fb: 0.00000 0.03505 -0.06261 0.06870
fb: 0.00000 0.03372 -0.06261 0.06870
target: 0.00000 0.05189
dist/lin/ang/drive_left/drive_right/tv_l/tv_r/av_l/av_r/x/y/theta/t_err: 0.05604 0.00000 0.39666 -0.03372 0.03372 -0.08403 0.08744 -0.08403 0.08744 0 0 131.78891 0.05604
fb: 0.00000 0.03498 0.03936 0.04462
fb: 0.00000 0.03463 0.03936 0.04462
target: 0.00000 0.04372
dist/lin/ang/drive_left/drive_right/tv_l/tv_r/av_l/av_r/x/y/theta/t_err: 0.05077 0.00000 0.33420 -0.03463 0.03463 -0.04944 0.05611 -0.04944 0.05611 0 0 132.09082 0.05077
fb: 0.00000 0.02989 0.04650 -0.05052
fb: 0.00000 0.02327 0.04650 -0.05052
target: 0.00000 0.03543
dist/lin/ang/drive_left/drive_right/tv_l/tv_r/av_l/av_r/x/y/theta/t_err: 0.04569 0.00000 0.27082 -0.02327 0.02327 0.02978 0.01883 0.02978 0.01883 0 0 132.38193 0.04569
fb: 0.00000 0.01477 0.05259 -0.05678
fb: 0.00000 0.00599 0.05259 -0.05678
target: 0.00000 0.02992
dist/lin/ang/drive_left/drive_right/tv_l/tv_r/av_l/av_r/x/y/theta/t_err: 0.04247 0.00000 0.22873 -0.00599 0.00599 0.04311 -0.04689 0.04311 -0.04689 0 0 132.56677 0.04247
fb: 0.00000 -0.00160 0.04375 -0.04805
fb: 0.00000 -0.00843 0.04375 -0.04805
target: 0.00000 0.02879
dist/lin/ang/drive_left/drive_right/tv_l/tv_r/av_l/av_r/x/y/theta/t_err: 0.04182 0.00000 0.22008 0.00843 -0.00843 0.05017 -0.05117 0.05017 -0.05117 0 0 132.60395 0.04182
fb: 0.00000 -0.01366 -0.05322 0.05869
fb: 0.00000 -0.01679 -0.05322 0.05869
target: 0.00000 0.03138
dist/lin/ang/drive_left/drive_right/tv_l/tv_r/av_l/av_r/x/y/theta/t_err: 0.04331 0.00000 0.23987 0.01679 -0.01679 0.00806 -0.02292 0.00806 -0.02292 0 0 132.51851 0.04331
fb: 0.00000 -0.01846 -0.07170 0.07722
fb: 0.00000 -0.01916 -0.07170 0.07722
target: 0.00000 0.03587
dist/lin/ang/drive_left/drive_right/tv_l/tv_r/av_l/av_r/x/y/theta/t_err: 0.04596 0.00000 0.27425 0.01916 -0.01916 -0.05425 0.05031 -0.05425 0.05031 0 0 132.36656 0.04596
fb: 0.00000 -0.01874 -0.08330 0.08891
fb: 0.00000 -0.01749 -0.08330 0.08891
target: 0.00000 0.04069
dist/lin/ang/drive_left/drive_right/tv_l/tv_r/av_l/av_r/x/y/theta/t_err: 0.04889 0.00000 0.31109 0.01749 -0.01749 -0.07531 0.07411 -0.07531 0.07411 0 0 132.19873 0.04889
fb: 0.00000 -0.01505 -0.08797 0.09368
fb: 0.00000 -0.00244 -0.08797 0.09368
final error was 2.94998
position: 0.10492 -1.21265 132.05002
took 1.16000 time to finish turn
increased to 180.00000
target: 0.00000 0.15697
dist/lin/ang/drive_left/drive_right/tv_l/tv_r/av_l/av_r/x/y/theta/t_err: 3.14159 0.00000 1.20000 0.00000 0.00000 -0.00017 0.00000 -0.00017 0.00000 0 0 -0.00012 3.14159
fb: 0.00000 0.00000 -0.85057 0.85860
fb: 0.00000 0.00000 -0.85057 0.85860
target: 0.00000 0.31394
dist/lin/ang/drive_left/drive_right/tv_l/tv_r/av_l/av_r/x/y/theta/t_err: 3.14159 0.00000 2.40000 0.00000 0.00000 -0.08181 0.02669 -0.08181 0.02669 0 0 -0.00011 3.14159
fb: 0.00000 0.00000 -0.95574 0.96691
fb: 0.00000 0.01031 -0.95574 0.96691
target: 0.00000 0.47092
dist/lin/ang/drive_left/drive_right/tv_l/tv_r/av_l/av_r/x/y/theta/t_err: 3.14159 0.00000 3.60000 -0.01031 0.01031 -0.45053 0.48100 -0.45053 0.48100 0 0 0.00021 3.14159
fb: 0.00000 0.05574 -1.00000 1.00000
fb: 0.00000 0.10605 -1.00000 1.00000
target: 0.00000 0.62789
dist/lin/ang/drive_left/drive_right/tv_l/tv_r/av_l/av_r/x/y/theta/t_err: 3.13778 0.00000 4.80000 -0.10605 0.10605 -0.47944 0.32169 -0.47944 0.32169 0 0 0.21858 3.13778
fb: 0.00000 0.14862 -1.00000 1.00000
fb: 0.00000 0.17969 -1.00000 1.00000
target: 0.00000 0.78486
dist/lin/ang/drive_left/drive_right/tv_l/tv_r/av_l/av_r/x/y/theta/t_err: 3.12013 0.00000 6.00000 -0.17969 0.17969 -0.44731 0.53658 -0.44731 0.53658 0 0 1.22997 3.12013
fb: 0.00000 0.21990 -1.00000 1.00000
fb: 0.00000 0.25780 -1.00000 1.00000
target: 0.00000 0.78486
dist/lin/ang/drive_left/drive_right/tv_l/tv_r/av_l/av_r/x/y/theta/t_err: 3.09104 0.00000 6.00000 -0.25780 0.25780 -0.64389 0.64936 -0.64389 0.64936 0 0 2.89641 3.09104
fb: 0.00000 0.29933 -0.56488 0.58547
fb: 0.00000 0.34859 -0.56488 0.58547
target: 0.00000 0.78486
dist/lin/ang/drive_left/drive_right/tv_l/tv_r/av_l/av_r/x/y/theta/t_err: 3.05011 0.00000 6.00000 -0.34859 0.34859 -0.63825 0.74894 -0.63825 0.74894 0 0 5.24163 3.05011
fb: 0.00000 0.39827 -0.56488 0.58547
fb: 0.00000 0.43108 -0.56488 0.58547
target: 0.00000 0.78486
dist/lin/ang/drive_left/drive_right/tv_l/tv_r/av_l/av_r/x/y/theta/t_err: 2.99507 0.00000 6.00000 -0.43108 0.43108 -0.46369 0.25736 -0.46369 0.25736 0 0 8.39519 2.99507
fb: 0.00000 0.44718 -0.56488 0.58547
fb: 0.00000 0.46272 -0.56488 0.58547
target: 0.00000 0.78486
dist/lin/ang/drive_left/drive_right/tv_l/tv_r/av_l/av_r/x/y/theta/t_err: 2.92885 0.00000 6.00000 -0.46272 0.46272 -0.53181 0.49297 -0.53181 0.49297 0 0 12.18917 2.92885
fb: -0.01545 0.48627 -0.56488 0.58547
fb: -0.02714 0.51985 -0.56488 0.58547
target: 0.00000 0.78486
dist/lin/ang/drive_left/drive_right/tv_l/tv_r/av_l/av_r/x/y/theta/t_err: 2.85730 0.00000 6.00000 -0.54699 0.49271 -0.54003 0.54753 -0.54003 0.54753 0 0 16.28892 2.85730
fb: -0.02317 0.55587 -0.56488 0.58547
fb: -0.02714 0.58730 -0.56488 0.58547
target: 0.00000 0.78486
dist/lin/ang/drive_left/drive_right/tv_l/tv_r/av_l/av_r/x/y/theta/t_err: 2.77662 0.00000 6.00000 -0.61444 0.56016 -0.54225 0.55869 -0.54225 0.55869 0 0 20.91127 2.77662
fb: -0.02714 0.61545 -0.56488 0.58547
fb: -0.03861 0.64171 -0.56488 0.58547
target: 0.00000 0.78486
dist/lin/ang/drive_left/drive_right/tv_l/tv_r/av_l/av_r/x/y/theta/t_err: 2.68597 0.00000 6.00000 -0.68033 0.60310 -0.54736 0.56072 -0.54736 0.56072 0 0 26.10540 2.68597
fb: -0.05626 0.66575 -0.56488 0.58547
fb: -0.06222 0.68979 -0.56488 0.58547
target: 0.00000 0.78486
dist/lin/ang/drive_left/drive_right/tv_l/tv_r/av_l/av_r/x/y/theta/t_err: 2.58714 0.00000 6.00000 -0.75201 0.62757 -0.54706 0.56125 -0.54706 0.56125 0 0 31.76802 2.58714
fb: -0.06023 0.71167 -0.56488 0.58547
fb: -0.05428 0.73389 -0.56488 0.58547
target: 0.00000 0.78486
dist/lin/ang/drive_left/drive_right/tv_l/tv_r/av_l/av_r/x/y/theta/t_err: 2.48104 0.00000 6.00000 -0.78817 0.67962 -0.54636 0.55903 -0.54636 0.55903 0 0 37.84681 2.48104
fb: -0.04832 0.75577 -0.56488 0.58547
fb: -0.04655 0.77333 -0.56488 0.58547
target: 0.00000 0.78486
dist/lin/ang/drive_left/drive_right/tv_l/tv_r/av_l/av_r/x/y/theta/t_err: 2.36817 0.00000 6.00000 -0.81988 0.72678 -0.54772 0.56311 -0.54772 0.56311 0 0 44.31395 2.36817
fb: -0.04854 0.79256 -0.56488 0.58547
fb: -0.05229 0.81200 -0.56488 0.58547
target: 0.00000 0.78486
dist/lin/ang/drive_left/drive_right/tv_l/tv_r/av_l/av_r/x/y/theta/t_err: 2.24933 0.00000 6.00000 -0.86429 0.75971 -0.54858 0.56361 -0.54858 0.56361 0 0 51.12291 2.24933
fb: -0.06200 0.82893 -0.56488 0.58547
fb: -0.07170 0.84461 -0.56488 0.58547
target: 0.00000 0.78486
dist/lin/ang/drive_left/drive_right/tv_l/tv_r/av_l/av_r/x/y/theta/t_err: 2.12468 0.00000 6.00000 -0.91631 0.77291 -0.54944 0.56347 -0.54944 0.56347 0 0 58.26499 2.12468
fb: -0.07964 0.85792 -0.56488 0.58547
fb: -0.08935 0.87352 -0.56488 0.58547
target: 0.00000 0.78486
dist/lin/ang/drive_left/drive_right/tv_l/tv_r/av_l/av_r/x/y/theta/t_err: 1.99515 0.00000 6.00000 -0.96288 0.78417 -0.55047 0.56467 -0.55047 0.56467 0 0 65.68636 1.99515
fb: -0.09310 0.88823 -0.56488 0.58547
fb: -0.08913 0.90153 -0.56488 0.58547
target: 0.00000 0.78486
dist/lin/ang/drive_left/drive_right/tv_l/tv_r/av_l/av_r/x/y/theta/t_err: 1.86104 0.00000 6.00000 -0.99066 0.81241 -0.54586 0.56278 -0.54586 0.56278 0 0 73.37001 1.86104
fb: -0.09486 0.91415 -0.56488 0.58547
fb: -0.10281 0.91937 -0.56488 0.58547
target: 0.00000 0.78486
dist/lin/ang/drive_left/drive_right/tv_l/tv_r/av_l/av_r/x/y/theta/t_err: 1.72264 0.00000 6.00000 -1.02218 0.81657 -0.54822 0.56331 -0.54822 0.56331 0 0 81.29998 1.72264
fb: -0.11450 0.92348 -0.56488 0.58547
fb: -0.12398 0.92989 -0.56488 0.58547
target: 0.00000 0.78486
dist/lin/ang/drive_left/drive_right/tv_l/tv_r/av_l/av_r/x/y/theta/t_err: 1.58174 0.00000 6.00000 -1.05388 0.80591 -0.55131 0.56125 -0.55131 0.56125 0 0 89.37292 1.58174
fb: -0.13193 0.93853 -0.56488 0.58547
fb: -0.14163 0.94982 -0.56488 0.58547
target: 0.00000 0.78486
dist/lin/ang/drive_left/drive_right/tv_l/tv_r/av_l/av_r/x/y/theta/t_err: 1.43898 0.00000 6.00000 -1.09145 0.80819 -0.55250 0.56075 -0.55250 0.56075 0 0 97.55278 1.43898
fb: -0.13369 0.96006 -0.56488 0.58547
fb: -0.12398 0.96891 -0.56488 0.58547
target: 0.00000 0.78486
dist/lin/ang/drive_left/drive_right/tv_l/tv_r/av_l/av_r/x/y/theta/t_err: 1.29311 0.00000 6.00000 -1.09289 0.84493 -0.55286 0.56192 -0.55286 0.56192 0 0 105.91024 1.29311
fb: -0.13369 0.97476 -0.56488 0.58547
fb: -0.13192 0.98194 -0.56488 0.58547
target: 0.00000 0.64875
dist/lin/ang/drive_left/drive_right/tv_l/tv_r/av_l/av_r/x/y/theta/t_err: 1.14445 0.00000 4.95948 -1.11386 0.85002 -0.55628 0.56417 -0.55628 0.56417 0 0 114.42776 1.14445
fb: -0.12420 0.98877 0.21686 -0.20877
fb: -0.12795 0.99135 0.21686 -0.20877
target: 0.00000 0.59645
dist/lin/ang/drive_left/drive_right/tv_l/tv_r/av_l/av_r/x/y/theta/t_err: 0.99359 0.00000 4.55965 -1.11930 0.86339 -0.45683 0.36278 -0.45683 0.36278 0 0 123.07133 0.99359
fb: -0.14538 0.99358 -0.20328 0.22011
fb: -0.16876 0.98403 -0.20328 0.22011
target: 0.00000 0.53952
dist/lin/ang/drive_left/drive_right/tv_l/tv_r/av_l/av_r/x/y/theta/t_err: 0.84152 0.00000 4.12449 -1.15279 0.81527 0.02156 -0.02086 0.02156 -0.02086 0 0 131.78458 0.84152
fb: -0.16877 0.94696 -0.14435 0.16004
fb: -0.16281 0.88579 -0.14435 0.16004
target: 0.00000 0.47839
dist/lin/ang/drive_left/drive_right/tv_l/tv_r/av_l/av_r/x/y/theta/t_err: 0.69225 0.00000 3.65714 -1.04860 0.72298 -0.17642 0.18017 -0.17642 0.18017 0 0 140.33695 0.69225
fb: -0.14142 0.82831 -0.08444 0.09890
fb: -0.13370 0.78030 -0.08444 0.09890
target: 0.00000 0.41769
dist/lin/ang/drive_left/drive_right/tv_l/tv_r/av_l/av_r/x/y/theta/t_err: 0.55846 0.00000 3.19314 -0.91400 0.64660 -0.17761 0.16203 -0.17761 0.16203 0 0 148.00264 0.55846
fb: -0.14164 0.73334 -0.04575 0.05899
fb: -0.13591 0.68658 -0.04575 0.05899
target: 0.00000 0.35783
dist/lin/ang/drive_left/drive_right/tv_l/tv_r/av_l/av_r/x/y/theta/t_err: 0.44057 0.00000 2.73552 -0.82249 0.55068 -0.10625 0.10592 -0.10625 0.10592 0 0 154.75737 0.44057
fb: -0.13194 0.63070 0.06865 -0.06639
fb: -0.14915 0.57322 0.06865 -0.06639
target: 0.00000 0.29852
dist/lin/ang/drive_left/drive_right/tv_l/tv_r/av_l/av_r/x/y/theta/t_err: 0.33752 0.00000 2.28209 -0.72237 0.42407 -0.05783 0.04550 -0.05783 0.04550 0 0 160.66133 0.33752
fb: -0.17056 0.52333 0.10592 -0.10485
fb: -0.19020 0.47400 0.20102 0.07809
target: 0.00000 0.24147
dist/lin/ang/drive_left/drive_right/tv_l/tv_r/av_l/av_r/x/y/theta/t_err: 0.25134 0.00000 1.84592 -0.66420 0.28381 0.04756 -0.05581 0.04756 -0.05581 0 0 165.59948 0.25134
fb: -0.20167 0.41373 0.23483 0.05462
fb: -0.16284 0.34901 0.13399 -0.13405
target: 0.00000 0.18712
dist/lin/ang/drive_left/drive_right/tv_l/tv_r/av_l/av_r/x/y/theta/t_err: 0.18104 0.00000 1.43049 -0.51185 0.18617 0.15486 0.04397 0.15486 0.04397 0 0 169.62724 0.18104
fb: -0.11452 0.29104 0.15820 -0.15935
fb: -0.07370 0.24073 0.15820 -0.15935
target: 0.00000 0.14020
dist/lin/ang/drive_left/drive_right/tv_l/tv_r/av_l/av_r/x/y/theta/t_err: 0.12960 0.00000 1.07179 -0.31443 0.16703 0.14614 -0.10047 0.14614 -0.10047 0 0 172.57456 0.12960
fb: -0.05627 0.18966 0.15623 -0.15832
fb: -0.06598 0.12946 0.15623 -0.15832
target: 0.00000 0.10260
dist/lin/ang/drive_left/drive_right/tv_l/tv_r/av_l/av_r/x/y/theta/t_err: 0.09457 0.00000 0.78433 -0.19543 0.06348 0.14389 -0.13997 0.14389 -0.13997 0 0 174.58180 0.09457
fb: -0.07370 0.06661 0.13949 -0.14234
fb: -0.07171 0.01310 0.13949 -0.14234
target: 0.00000 0.08125
dist/lin/ang/drive_left/drive_right/tv_l/tv_r/av_l/av_r/x/y/theta/t_err: 0.07713 0.00000 0.62116 -0.08481 -0.05862 0.14236 -0.14100 0.14236 -0.14100 0 0 175.58072 0.07713
fb: -0.05031 -0.02592 0.08063 -0.08390
fb: -0.02516 -0.05093 0.08063 -0.08390
target: 0.00000 0.08040
dist/lin/ang/drive_left/drive_right/tv_l/tv_r/av_l/av_r/x/y/theta/t_err: 0.07647 0.00000 0.61463 0.02578 -0.07609 0.12167 -0.12236 0.12167 -0.12236 0 0 175.61856 0.07647
fb: -0.00772 -0.06347 -0.08905 0.09555
fb: 0.00000 -0.07016 -0.08905 0.09555
target: 0.00000 0.09068
dist/lin/ang/drive_left/drive_right/tv_l/tv_r/av_l/av_r/x/y/theta/t_err: 0.08461 0.00000 0.69323 0.07016 -0.07016 0.06161 -0.03919 0.06161 -0.03919 0 0 175.15207 0.08461
fb: 0.00000 -0.06968 -0.14604 0.15275
fb: 0.00000 -0.06550 -0.14604 0.15275
target: 0.00000 0.10346
dist/lin/ang/drive_left/drive_right/tv_l/tv_r/av_l/av_r/x/y/theta/t_err: 0.09530 0.00000 0.79090 0.06550 -0.06550 -0.07614 0.09172 -0.07614 0.09172 0 0 174.53943 0.09530
fb: 0.00000 -0.05978 -0.16584 0.17280
fb: -0.00397 -0.05295 -0.16584 0.17280
target: 0.00000 0.11457
dist/lin/ang/drive_left/drive_right/tv_l/tv_r/av_l/av_r/x/y/theta/t_err: 0.10512 0.00000 0.87585 0.04898 -0.05693 -0.12953 0.14167 -0.12953 0.14167 0 0 173.97698 0.10512
fb: -0.00397 -0.03846 -0.16579 0.17298
fb: 0.00000 -0.00829 -0.16579 0.17298
target: 0.00000 0.12270
dist/lin/ang/drive_left/drive_right/tv_l/tv_r/av_l/av_r/x/y/theta/t_err: 0.11260 0.00000 0.93796 0.00829 -0.00829 -0.14594 0.15314 -0.14594 0.15314 0 0 173.54828 0.11260
fb: 0.00000 0.02738 -0.15779 0.16514
fb: 0.00000 0.05449 -0.15779 0.16514
target: 0.00000 0.12253
dist/lin/ang/drive_left/drive_right/tv_l/tv_r/av_l/av_r/x/y/theta/t_err: 0.11245 0.00000 0.93671 -0.05449 0.05449 -0.14683 0.15161 -0.14683 0.15161 0 0 173.55706 0.11245
fb: 0.00000 0.06814 -0.12038 0.12773
fb: 0.00000 0.07623 -0.12038 0.12773
target: 0.00000 0.11300
dist/lin/ang/drive_left/drive_right/tv_l/tv_r/av_l/av_r/x/y/theta/t_err: 0.10371 0.00000 0.86388 -0.07623 0.07623 -0.13925 0.14100 -0.13925 0.14100 0 0 174.05792 0.10371
fb: 0.00000 0.08556 -0.07186 0.07902
fb: 0.00000 0.09134 -0.07186 0.07902
target: 0.00000 0.09912
dist/lin/ang/drive_left/drive_right/tv_l/tv_r/av_l/av_r/x/y/theta/t_err: 0.09161 0.00000 0.75776 -0.09134 0.09134 -0.11842 0.10814 -0.11842 0.10814 0 0 174.75141 0.09161
fb: 0.00000 0.09197 -0.04297 0.04984
fb: 0.00000 0.08807 -0.04297 0.04984
target: 0.00000 0.08183
dist/lin/ang/drive_left/drive_right/tv_l/tv_r/av_l/av_r/x/y/theta/t_err: 0.07758 0.00000 0.62558 -0.08807 0.08807 -0.07497 0.06911 -0.07497 0.06911 0 0 175.55502 0.07758
fb: 0.00000 0.08159 0.06200 -0.06526
fb: 0.00000 0.07323 0.06200 -0.06526
target: 0.00000 0.06398
dist/lin/ang/drive_left/drive_right/tv_l/tv_r/av_l/av_r/x/y/theta/t_err: 0.06432 0.00000 0.48908 -0.07323 0.07323 -0.04553 0.02308 -0.04553 0.02308 0 0 176.31486 0.06432
fb: 0.00000 0.06410 0.07651 -0.08012
fb: 0.00000 0.05463 0.07651 -0.08012
target: 0.00000 0.04791
dist/lin/ang/drive_left/drive_right/tv_l/tv_r/av_l/av_r/x/y/theta/t_err: 0.05345 0.00000 0.36624 -0.05463 0.05463 0.05169 -0.06006 0.05169 -0.06006 0 0 176.93781 0.05345
fb: 0.00000 0.04522 0.07923 -0.08317
fb: 0.00000 0.03581 0.07923 -0.08317
target: 0.00000 0.03497
dist/lin/ang/drive_left/drive_right/tv_l/tv_r/av_l/av_r/x/y/theta/t_err: 0.04542 0.00000 0.26731 -0.03581 0.03581 0.07222 -0.08128 0.07222 -0.08128 0 0 177.39762 0.04542
fb: 0.00000 0.02348 0.07383 -0.07803
fb: 0.00000 0.00864 0.07383 -0.07803
target: 0.00000 0.02634
dist/lin/ang/drive_left/drive_right/tv_l/tv_r/av_l/av_r/x/y/theta/t_err: 0.04043 0.00000 0.20136 -0.00864 0.00864 0.07475 -0.07700 0.07475 -0.07700 0 0 177.68337 0.04043
fb: 0.00000 -0.00634 0.06020 -0.06456
fb: 0.00000 -0.01826 0.06020 -0.06456
target: 0.00000 0.02502
dist/lin/ang/drive_left/drive_right/tv_l/tv_r/av_l/av_r/x/y/theta/t_err: 0.03970 0.00000 0.19130 0.01826 -0.01826 0.07461 -0.06708 0.07461 -0.06708 0 0 177.72547 0.03970
fb: 0.00000 -0.02731 -0.04987 0.05527
fb: 0.00000 -0.03331 -0.04987 0.05527
target: 0.00000 0.03051
dist/lin/ang/drive_left/drive_right/tv_l/tv_r/av_l/av_r/x/y/theta/t_err: 0.04281 0.00000 0.23324 0.03331 -0.03331 0.06297 -0.03183 0.06297 -0.03183 0 0 177.54728 0.04281
fb: -0.00199 -0.03735 -0.08415 0.08966
fb: -0.00199 -0.03602 -0.08415 0.08966
target: 0.00000 0.03937
dist/lin/ang/drive_left/drive_right/tv_l/tv_r/av_l/av_r/x/y/theta/t_err: 0.04808 0.00000 0.30098 0.03404 -0.03801 -0.04175 0.05239 -0.04175 0.05239 0 0 177.24531 0.04808
fb: 0.00000 -0.03261 -0.10527 0.11096
fb: 0.00000 -0.02822 -0.10527 0.11096
target: 0.00000 0.04795
dist/lin/ang/drive_left/drive_right/tv_l/tv_r/av_l/av_r/x/y/theta/t_err: 0.05347 0.00000 0.36658 0.02822 -0.02822 -0.08128 0.08572 -0.08128 0.08572 0 0 176.93616 0.05347
fb: 0.00000 -0.02411 -0.10977 0.11562
fb: 0.00000 -0.01616 -0.10977 0.11562
target: 0.00000 0.05432
dist/lin/ang/drive_left/drive_right/tv_l/tv_r/av_l/av_r/x/y/theta/t_err: 0.05766 0.00000 0.41523 0.01616 -0.01616 -0.10267 0.10764 -0.10267 0.10764 0 0 176.69627 0.05766
fb: 0.00000 -0.00404 -0.10405 0.11003
fb: 0.00397 0.01240 -0.10405 0.11003
target: 0.00000 0.05724
dist/lin/ang/drive_left/drive_right/tv_l/tv_r/av_l/av_r/x/y/theta/t_err: 0.05963 0.00000 0.43755 -0.00843 0.01637 -0.10114 0.10661 -0.10114 0.10661 0 0 176.58317 0.05963
fb: 0.00794 0.03226 -0.09051 0.09655
fb: 0.00397 0.04529 -0.09051 0.09655
final error was 3.26133
position: 0.79160 -1.27755 176.73867
took 1.10000 time to finish turn
WARNING - pros.serial.terminal.terminal:stop - Stopping terminal - pros-cli version:3.5.6

[tomas@nixbtw:~/projects/Robotics/current/Cognex]$

