
[tomas@nixbtw:~/projects/Robotics/current/Cognex]$ t
Not sending analytics for this command.

Established terminal connection



         _+=+_
      .-`  .  `-.          8888888b.  8888888b.   .d88888b.   .d8888b.
   _+`     "     `+_       888   Y88b 888   Y88b d88P" "Y88b d88P  Y88b
  \\\sssssssssssss///      888    888 888    888 888     888 Y88b.
     .ss\  *  /ss.         888   d88P 888   d88P 888     888  "Y888b.
 .+bm  .s  *  s.  md+.     8888888P"  8888888P"  888     888     "Y88b.
.hMMMMs .  *  . sMMMMh.    888        888 T88b   888     888       "888
 `\hMMMb \ | / dMMMh:      888        888  T88b  Y88b. .d88P Y88b  d88P
   -SNMNo  -  oNMNs-       888        888   T88b  "Y88888P"   "Y8888P"
     `+dMh\./dMd/
        `:yNy:`                      Powered by PROS for VEX V5
           "                Copyright (c) Purdue University ACM SIGBots
Version:        4.2.1     Platform:  V1.1.5 (b18)     Uptime:    0.000 s
Compiled:   Jan  1 1980 00:00:00     Directory:


bouncing done
health done
auton done
calibrated!
starting task: 2308290
initializing odom model
timed correctly: 2311165
initializing pf model
initializing smoother model
target: 0.000 0.078
dist/lin/ang/drive_left/drive_right/tv_l/tv_r/av_l/av_r/x/y/theta/t_err: 1.57079 0.00000 0.60000 0.00000 0.00000 -0.00017 -0.00033 -0.00017 -0.00033 0 0 0.00031 1.57079
fb: 0.00000 0.00000 -0.43381 0.43949
fb: 0.00000 0.00000 -0.43381 0.43949
target: 0.00000 0.15697
dist/lin/ang/drive_left/drive_right/tv_l/tv_r/av_l/av_r/x/y/theta/t_err: 1.57079 0.00000 1.20000 0.00000 0.00000 -0.05817 0.08433 -0.05817 0.08433 0 0 0.00016 1.57079
fb: 0.00000 0.00000 -0.47541 0.48187
fb: 0.00000 0.00000 -0.47541 0.48187
target: 0.00000 0.23546
dist/lin/ang/drive_left/drive_right/tv_l/tv_r/av_l/av_r/x/y/theta/t_err: 1.57078 0.00000 1.80000 0.00000 0.00000 -0.36428 0.38533 -0.36428 0.38533 0 0 0.00070 1.57078
fb: 0.00000 0.02257 -0.51700 0.52425
fb: 0.00000 0.07783 -0.51700 0.52425
target: 0.00000 0.31394
dist/lin/ang/drive_left/drive_right/tv_l/tv_r/av_l/av_r/x/y/theta/t_err: 1.56973 0.00000 2.40000 -0.07783 0.07783 -0.44111 0.40072 -0.44111 0.40072 0 0 0.06086 1.56973
fb: 0.00000 0.12277 -0.65419 0.66222
fb: 0.00000 0.16527 -0.63294 0.64097
target: 0.00000 0.39243
dist/lin/ang/drive_left/drive_right/tv_l/tv_r/av_l/av_r/x/y/theta/t_err: 1.55620 0.00000 3.00000 -0.16527 0.16527 -0.47072 0.42419 -0.47072 0.42419 0 0 0.83648 1.55620
fb: 0.00000 0.20450 -0.69416 0.70298
fb: 0.00000 0.24596 -0.67344 0.68225
target: 0.00000 0.47092
dist/lin/ang/drive_left/drive_right/tv_l/tv_r/av_l/av_r/x/y/theta/t_err: 1.52958 0.00000 3.60000 -0.24596 0.24596 -0.44917 0.44281 -0.44917 0.44281 0 0 2.36127 1.52958
fb: 0.00000 0.28365 -0.73543 0.74503
fb: 0.00000 0.32162 -0.71644 0.72604
target: 0.00000 0.54940
dist/lin/ang/drive_left/drive_right/tv_l/tv_r/av_l/av_r/x/y/theta/t_err: 1.49069 0.00000 4.20000 -0.32162 0.32162 -0.48458 0.47808 -0.48458 0.47808 0 0 4.58979 1.49069
fb: 0.00000 0.35904 -0.77857 0.78896
fb: 0.00000 0.39353 -0.76133 0.77172
target: 0.00000 0.62789
dist/lin/ang/drive_left/drive_right/tv_l/tv_r/av_l/av_r/x/y/theta/t_err: 1.44024 0.00000 4.80000 -0.39353 0.39353 -0.48167 0.50306 -0.48167 0.50306 0 0 7.48053 1.44024
fb: 0.00000 0.42328 -0.82729 0.83847
fb: 0.00000 0.45561 -0.81113 0.82230
target: 0.00000 0.70637
dist/lin/ang/drive_left/drive_right/tv_l/tv_r/av_l/av_r/x/y/theta/t_err: 1.37921 0.00000 5.40000 -0.45561 0.45561 -0.53025 0.52789 -0.53025 0.52789 0 0 10.97726 1.37921
fb: 0.00000 0.48703 -0.87626 0.88822
fb: 0.00000 0.51881 -0.86037 0.87233
target: 0.00000 0.78486
dist/lin/ang/drive_left/drive_right/tv_l/tv_r/av_l/av_r/x/y/theta/t_err: 1.30858 0.00000 6.00000 -0.51881 0.51881 -0.52994 0.42556 -0.52994 0.42556 0 0 15.02385 1.30858
fb: -0.00772 0.54695 -0.92714 0.93988
fb: -0.01942 0.56632 -0.91745 0.93020
target: 0.00000 0.86335
dist/lin/ang/drive_left/drive_right/tv_l/tv_r/av_l/av_r/x/y/theta/t_err: 1.22838 0.00000 6.60000 -0.58574 0.54691 -0.49622 0.54769 -0.49622 0.54769 0 0 19.61910 1.22838
fb: -0.03111 0.58785 -0.98753 1.00000
fb: -0.03111 0.61189 -0.97551 0.98904
target: 0.00000 0.94183
dist/lin/ang/drive_left/drive_right/tv_l/tv_r/av_l/av_r/x/y/theta/t_err: 1.14116 0.00000 7.20000 -0.64300 0.58078 -0.53181 0.41372 -0.53181 0.41372 0 0 24.61632 1.14116
fb: -0.02912 0.63802 -1.00000 1.00000
fb: -0.04258 0.65858 -1.00000 1.00000
target: 0.00000 0.98108
dist/lin/ang/drive_left/drive_right/tv_l/tv_r/av_l/av_r/x/y/theta/t_err: 1.04680 0.00000 7.50000 -0.70116 0.61599 -0.52189 0.50150 -0.52189 0.50150 0 0 30.02301 1.04680
fb: -0.05030 0.67432 -0.88896 0.90367
fb: -0.06200 0.68617 -0.88304 0.89774
target: 0.00000 0.98108
dist/lin/ang/drive_left/drive_right/tv_l/tv_r/av_l/av_r/x/y/theta/t_err: 0.94570 0.00000 7.50000 -0.74817 0.62417 -0.59119 0.55044 -0.59119 0.55044 0 0 35.81549 0.94570
fb: -0.07369 0.71146 -0.69380 0.70851
fb: -0.08340 0.74302 -0.67802 0.69272
target: 0.00000 0.98108
dist/lin/ang/drive_left/drive_right/tv_l/tv_r/av_l/av_r/x/y/theta/t_err: 0.83991 0.00000 7.50000 -0.82642 0.65962 -0.51558 0.48525 -0.51558 0.48525 0 0 41.87686 0.83991
fb: -0.09708 0.75988 -0.66959 0.68429
fb: -0.10281 0.77166 -0.66370 0.67841
target: 0.00000 0.98108
dist/lin/ang/drive_left/drive_right/tv_l/tv_r/av_l/av_r/x/y/theta/t_err: 0.72611 0.00000 7.50000 -0.87447 0.66885 -0.60861 0.51039 -0.60861 0.51039 0 0 48.39699 0.72611
fb: -0.11428 0.78058 -0.65924 0.67395
fb: -0.12995 0.79138 -0.65384 0.66855
target: 0.00000 0.70295
dist/lin/ang/drive_left/drive_right/tv_l/tv_r/av_l/av_r/x/y/theta/t_err: 0.60793 0.00000 5.37381 -0.92133 0.66143 -0.63278 0.56106 -0.63278 0.56106 0 0 55.16843 0.60793
fb: -0.13193 0.80859 0.97085 -0.96871
fb: -0.13767 0.83750 0.98531 -0.98317
target: 0.00000 0.60669
dist/lin/ang/drive_left/drive_right/tv_l/tv_r/av_l/av_r/x/y/theta/t_err: 0.48640 0.00000 4.63793 -0.97517 0.69983 -0.41922 0.35028 -0.41922 0.35028 0 0 62.13150 0.48640
fb: -0.14539 0.85924 0.27693 -0.27576
fb: -0.15907 0.86537 0.27999 -0.27882
target: 0.00000 0.49050
dist/lin/ang/drive_left/drive_right/tv_l/tv_r/av_l/av_r/x/y/theta/t_err: 0.35774 0.00000 3.74973 -1.02444 0.70631 0.18050 -0.19986 0.18050 -0.19986 0 0 69.50273 0.35774
fb: -0.17252 0.84781 0.48055 -0.48054
fb: -0.15510 0.78845 0.45087 -0.45086
target: 0.00000 0.34716
dist/lin/ang/drive_left/drive_right/tv_l/tv_r/av_l/av_r/x/y/theta/t_err: 0.22620 0.00000 2.65392 -0.94355 0.63335 0.30183 -0.30369 0.30183 -0.30369 0 0 77.03979 0.22620
fb: -0.14561 0.72017 0.68657 -0.68799
fb: -0.16283 0.65746 0.65522 -0.65664
target: 0.00000 0.17614
dist/lin/ang/drive_left/drive_right/tv_l/tv_r/av_l/av_r/x/y/theta/t_err: 0.10852 0.00000 1.34650 -0.82029 0.49463 0.39203 -0.37625 0.39203 -0.37625 0 0 83.78209 0.10852
fb: -0.18026 0.59071 1.00000 -0.82656
fb: -0.19394 0.52166 0.99472 -0.78451
target: 0.00000 0.00014
dist/lin/ang/drive_left/drive_right/tv_l/tv_r/av_l/av_r/x/y/theta/t_err: 0.01052 0.00000 0.00105 -0.71561 0.32772 0.39011 -0.26211 0.39011 -0.26211 0 0 89.39720 0.01052
fb: -0.18225 0.45324 1.00000 -0.96214
fb: -0.16482 0.38301 1.00000 -1.00000
target: 0.00000 -0.07835
dist/lin/ang/drive_left/drive_right/tv_l/tv_r/av_l/av_r/x/y/theta/t_err: -0.06669 0.00000 -0.59895 -0.54783 0.21818 0.36719 -0.37181 0.36719 -0.37181 0 0 93.82080 -0.06669
fb: -0.13394 0.30999 0.62790 -0.63358
fb: -0.11452 0.23864 0.59223 -0.59791
target: 0.00000 -0.15683
dist/lin/ang/drive_left/drive_right/tv_l/tv_r/av_l/av_r/x/y/theta/t_err: -0.12246 0.00000 -1.19895 -0.35316 0.12412 0.36119 -0.36172 0.36119 -0.36172 0 0 97.01626 -0.12246
fb: -0.12004 0.16005 0.63377 -0.64023
fb: -0.12202 0.08382 0.47533 -0.48179
target: 0.00000 -0.23532
dist/lin/ang/drive_left/drive_right/tv_l/tv_r/av_l/av_r/x/y/theta/t_err: -0.15588 0.00000 -1.79895 -0.20584 -0.03820 0.38397 -0.27208 0.38397 -0.27208 0 0 98.93119 -0.15588
fb: -0.12225 0.01338 0.51693 -0.52418
fb: -0.11651 -0.03783 0.51693 -0.52418
target: 0.00000 -0.26749
dist/lin/ang/drive_left/drive_right/tv_l/tv_r/av_l/av_r/x/y/theta/t_err: -0.16607 0.00000 -2.04491 -0.07867 -0.15434 0.37456 -0.37969 0.37456 -0.37969 0 0 99.51495 -0.16607
fb: -0.11452 -0.08723 0.41571 -0.42328
fb: -0.10459 -0.13489 0.39188 -0.39945
target: 0.00000 -0.25630
dist/lin/ang/drive_left/drive_right/tv_l/tv_r/av_l/av_r/x/y/theta/t_err: -0.15836 0.00000 -1.95935 0.03030 -0.23948 0.45517 -0.47433 0.45517 -0.47433 0 0 99.07347 -0.15836
fb: -0.09113 -0.18137 0.16196 -0.16942
fb: -0.07171 -0.23035 0.13747 -0.14493
target: 0.00000 -0.22206
dist/lin/ang/drive_left/drive_right/tv_l/tv_r/av_l/av_r/x/y/theta/t_err: -0.13592 0.00000 -1.69757 0.15863 -0.30206 0.36308 -0.39903 0.36308 -0.39903 0 0 97.78791 -0.13592
fb: -0.06774 -0.27097 -0.07542 0.07810
fb: -0.07767 -0.29591 -0.07542 0.07810
target: 0.00000 -0.15926
dist/lin/ang/drive_left/drive_right/tv_l/tv_r/av_l/av_r/x/y/theta/t_err: -0.09923 0.00000 -1.21750 0.21824 -0.37358 0.13931 -0.17658 0.13931 -0.17658 0 0 95.68539 -0.09923
fb: -0.07193 -0.29424 -0.23721 0.24051
fb: -0.06598 -0.28797 -0.23721 0.24051
target: 0.00000 -0.06352
dist/lin/ang/drive_left/drive_right/tv_l/tv_r/av_l/av_r/x/y/theta/t_err: -0.05437 0.00000 -0.48558 0.22199 -0.35395 -0.04756 0.04261 -0.04756 0.04261 0 0 93.11519 -0.05437
fb: -0.06973 -0.28079 -0.43620 0.44046
fb: -0.05627 -0.25829 -0.43620 0.44046
target: 0.00000 -0.00014
dist/lin/ang/drive_left/drive_right/tv_l/tv_r/av_l/av_r/x/y/theta/t_err: -0.01061 0.00000 -0.00106 0.20202 -0.31456 -0.20308 0.22381 -0.20308 0.22381 0 0 90.60803 -0.01061
fb: -0.04457 -0.21195 -0.32416 0.32905
fb: -0.04656 -0.14925 -0.32416 0.32905
target: 0.00000 0.00035
dist/lin/ang/drive_left/drive_right/tv_l/tv_r/av_l/av_r/x/y/theta/t_err: 0.02691 0.00000 0.00269 0.10269 -0.19580 -0.36806 0.37011 -0.36806 0.37011 0 0 88.45834 0.02691
fb: -0.06024 -0.08626 -0.04142 0.04632
fb: -0.07745 -0.02160 -0.04142 0.04632
target: 0.00000 0.00062
dist/lin/ang/drive_left/drive_right/tv_l/tv_r/av_l/av_r/x/y/theta/t_err: 0.04737 0.00000 0.00474 -0.05585 -0.09905 -0.28403 0.22672 -0.28403 0.22672 0 0 87.28589 0.04737
fb: -0.06973 0.03045 -0.04056 0.04546
fb: -0.05053 0.06480 -0.04056 0.04546
target: 0.00000 0.00064
dist/lin/ang/drive_left/drive_right/tv_l/tv_r/av_l/av_r/x/y/theta/t_err: 0.04882 0.00000 0.00488 -0.11533 0.01427 -0.06092 0.05442 -0.06092 0.05442 0 0 87.20288 0.04882
fb: -0.04082 0.07337 -0.03945 0.04435
fb: -0.04060 0.07260 -0.03945 0.04435
target: 0.00000 0.00051
dist/lin/ang/drive_left/drive_right/tv_l/tv_r/av_l/av_r/x/y/theta/t_err: 0.03882 0.00000 0.00388 -0.11320 0.03200 -0.04244 0.04208 -0.04244 0.04208 0 0 87.77572 0.03882
fb: -0.03685 0.06786 0.03934 -0.04423
fb: -0.02538 0.06375 0.03934 -0.04423
target: 0.00000 0.00037
dist/lin/ang/drive_left/drive_right/tv_l/tv_r/av_l/av_r/x/y/theta/t_err: 0.02792 0.00000 0.00279 -0.08913 0.03838 -0.01881 0.02003 -0.01881 0.02003 0 0 88.40014 0.02792
fb: -0.02516 0.05895 0.03947 -0.04436
fb: -0.03089 0.05421 0.03947 -0.04436
final error was 1.05130
position: -0.33126 -1.76191 88.94870
took 0.74000 time to finish turn
target: 0.00000 0.07849
dist/lin/ang/drive_left/drive_right/tv_l/tv_r/av_l/av_r/x/y/theta/t_err: 1.57080 0.00000 0.60000 0.00000 0.00000 -0.00017 -0.00033 -0.00017 -0.00033 0 0 0.00007 1.57080
fb: 0.00000 0.00000 -0.43381 0.43949
fb: 0.00000 0.00000 -0.43381 0.43949
target: 0.00000 0.15697
dist/lin/ang/drive_left/drive_right/tv_l/tv_r/av_l/av_r/x/y/theta/t_err: 1.57079 0.00000 1.20000 0.00000 0.00000 -0.05953 -0.00017 -0.05953 -0.00017 0 0 0.00023 1.57079
fb: 0.00000 0.00000 -0.47541 0.48187
fb: 0.00000 0.00118 -0.47541 0.48187
target: 0.00000 0.23546
dist/lin/ang/drive_left/drive_right/tv_l/tv_r/av_l/av_r/x/y/theta/t_err: 1.57080 0.00000 1.80000 -0.00118 0.00118 -0.36719 0.33758 -0.36719 0.33758 0 0 -0.00009 1.57080
fb: 0.00000 0.03240 -0.51700 0.52425
fb: 0.00000 0.08138 -0.51700 0.52425
target: 0.00000 0.31394
dist/lin/ang/drive_left/drive_right/tv_l/tv_r/av_l/av_r/x/y/theta/t_err: 1.56915 0.00000 2.40000 -0.08138 0.08138 -0.43242 0.43461 -0.43242 0.43461 0 0 0.09430 1.56915
fb: 0.00000 0.13350 -0.64882 0.65686
fb: 0.00000 0.18227 -0.62444 0.63247
target: 0.00000 0.39243
dist/lin/ang/drive_left/drive_right/tv_l/tv_r/av_l/av_r/x/y/theta/t_err: 1.55476 0.00000 3.00000 -0.18227 0.18227 -0.46439 0.47175 -0.46439 0.47175 0 0 0.91890 1.55476
fb: 0.00000 0.22812 -0.68235 0.69117
fb: 0.00000 0.26985 -0.66149 0.67030
target: 0.00000 0.47092
dist/lin/ang/drive_left/drive_right/tv_l/tv_r/av_l/av_r/x/y/theta/t_err: 1.52525 0.00000 3.60000 -0.26985 0.26985 -0.48922 0.42025 -0.48922 0.42025 0 0 2.60990 1.52525
fb: 0.00000 0.31243 -0.72104 0.73064
fb: 0.00000 0.35068 -0.70191 0.71152
target: 0.00000 0.54940
dist/lin/ang/drive_left/drive_right/tv_l/tv_r/av_l/av_r/x/y/theta/t_err: 1.48247 0.00000 4.20000 -0.35068 0.35068 -0.51950 0.47244 -0.51950 0.47244 0 0 5.06097 1.48247
fb: 0.00000 0.38370 -0.76624 0.77663
fb: 0.00000 0.41896 -0.74861 0.75900
target: 0.00000 0.62789
dist/lin/ang/drive_left/drive_right/tv_l/tv_r/av_l/av_r/x/y/theta/t_err: 1.42791 0.00000 4.80000 -0.41896 0.41896 -0.55422 0.44231 -0.55422 0.44231 0 0 8.18676 1.42791
fb: 0.00000 0.45512 -0.81137 0.82255
fb: -0.00772 0.49149 -0.79319 0.80436
target: 0.00000 0.70637
dist/lin/ang/drive_left/drive_right/tv_l/tv_r/av_l/av_r/x/y/theta/t_err: 1.36267 0.00000 5.40000 -0.49922 0.48377 -0.49864 0.46200 -0.49864 0.46200 0 0 11.92496 1.36267
fb: -0.02913 0.52041 -0.85957 0.87153
fb: -0.04656 0.54563 -0.84696 0.85892
target: 0.00000 0.78486
dist/lin/ang/drive_left/drive_right/tv_l/tv_r/av_l/av_r/x/y/theta/t_err: 1.28668 0.00000 6.00000 -0.59219 0.49907 -0.48439 0.44164 -0.48439 0.44164 0 0 16.27874 1.28668
fb: -0.05229 0.57322 -0.91400 0.92675
fb: -0.05825 0.59259 -0.90432 0.91706
target: 0.00000 0.86335
dist/lin/ang/drive_left/drive_right/tv_l/tv_r/av_l/av_r/x/y/theta/t_err: 1.20236 0.00000 6.60000 -0.65084 0.53434 -0.47825 0.46250 -0.47825 0.46250 0 0 21.10991 1.20236
fb: -0.06399 0.60897 -0.97697 0.99050
fb: -0.06200 0.62555 -0.96868 0.98221
target: 0.00000 0.94183
dist/lin/ang/drive_left/drive_right/tv_l/tv_r/av_l/av_r/x/y/theta/t_err: 1.11130 0.00000 7.20000 -0.68755 0.56355 -0.50922 0.48833 -0.50922 0.48833 0 0 26.32727 1.11130
fb: -0.06597 0.65070 -1.00000 1.00000
fb: -0.07766 0.67718 -1.00000 1.00000
target: 0.00000 0.98108
dist/lin/ang/drive_left/drive_right/tv_l/tv_r/av_l/av_r/x/y/theta/t_err: 1.01482 0.00000 7.50000 -0.75484 0.59951 -0.51589 0.49792 -0.51589 0.49792 0 0 31.85510 1.01482
fb: -0.07568 0.69223 -0.88001 0.89471
fb: -0.06597 0.70338 -0.87444 0.88914
target: 0.00000 0.98108
dist/lin/ang/drive_left/drive_right/tv_l/tv_r/av_l/av_r/x/y/theta/t_err: 0.91104 0.00000 7.50000 -0.76935 0.63741 -0.65056 0.57219 -0.65056 0.57219 0 0 37.80152 0.91104
fb: -0.06398 0.73125 -0.68391 0.69861
fb: -0.07744 0.75898 -0.67004 0.68475
target: 0.00000 0.98108
dist/lin/ang/drive_left/drive_right/tv_l/tv_r/av_l/av_r/x/y/theta/t_err: 0.80245 0.00000 7.50000 -0.83642 0.68154 -0.41717 0.55558 -0.41717 0.55558 0 0 44.02303 0.80245
fb: -0.08538 0.77284 -0.66311 0.67781
fb: -0.07568 0.78929 -0.65489 0.66959
target: 0.00000 0.75999
dist/lin/ang/drive_left/drive_right/tv_l/tv_r/av_l/av_r/x/y/theta/t_err: 0.68633 0.00000 5.80986 -0.86496 0.71361 -0.59564 0.58194 -0.59564 0.58194 0 0 50.67644 0.68633
fb: -0.07567 0.80524 0.65375 -0.65104
fb: -0.08340 0.82336 0.66281 -0.66010
target: 0.00000 0.67033
dist/lin/ang/drive_left/drive_right/tv_l/tv_r/av_l/av_r/x/y/theta/t_err: 0.56522 0.00000 5.12443 -0.90675 0.73996 -0.40261 0.39917 -0.40261 0.39917 0 0 57.61501 0.56522
fb: -0.09112 0.84356 0.17384 -0.17203
fb: -0.10281 0.84461 0.17437 -0.17256
target: 0.00000 0.56564
dist/lin/ang/drive_left/drive_right/tv_l/tv_r/av_l/av_r/x/y/theta/t_err: 0.43869 0.00000 4.32414 -0.94742 0.74180 0.15022 -0.12475 0.15022 -0.12475 0 0 64.86474 0.43869
fb: -0.10855 0.82203 0.33852 -0.33775
fb: -0.10458 0.77431 0.31465 -0.31389
target: 0.00000 0.44289
dist/lin/ang/drive_left/drive_right/tv_l/tv_r/av_l/av_r/x/y/theta/t_err: 0.31072 0.00000 3.38572 -0.87888 0.66973 0.19250 -0.19078 0.19250 -0.19078 0 0 72.19720 0.31072
fb: -0.10281 0.71271 0.49160 -0.49207
fb: -0.10282 0.64812 0.45931 -0.45977
target: 0.00000 0.30752
dist/lin/ang/drive_left/drive_right/tv_l/tv_r/av_l/av_r/x/y/theta/t_err: 0.19512 0.00000 2.35086 -0.75094 0.54531 0.31775 -0.29928 0.31775 -0.29928 0 0 78.82068 0.19512
fb: -0.10855 0.58047 0.62168 -0.62350
fb: -0.11650 0.50815 0.58552 -0.58734
target: 0.00000 0.15805
dist/lin/ang/drive_left/drive_right/tv_l/tv_r/av_l/av_r/x/y/theta/t_err: 0.09858 0.00000 1.20823 -0.62464 0.39165 0.35778 -0.33742 0.35778 -0.33742 0 0 84.35197 0.09858
fb: -0.12599 0.43164 0.76466 -0.76797
fb: -0.14717 0.35597 0.62786 -0.63117
target: 0.00000 0.00031
dist/lin/ang/drive_left/drive_right/tv_l/tv_r/av_l/av_r/x/y/theta/t_err: 0.02388 0.00000 0.00239 -0.50315 0.20880 0.32000 -0.35592 0.32000 -0.35592 0 0 88.63190 0.02388
fb: -0.14166 0.28790 0.89246 -0.89735
fb: -0.11849 0.21976 0.74867 -0.75356
target: 0.00000 -0.00037
dist/lin/ang/drive_left/drive_right/tv_l/tv_r/av_l/av_r/x/y/theta/t_err: -0.02808 0.00000 -0.00281 -0.33825 0.10127 0.29344 -0.40775 0.29344 -0.40775 0 0 91.60878 -0.02808
fb: -0.10658 0.15001 0.04228 -0.04717
fb: -0.08517 0.08208 0.04228 -0.04717
target: 0.00000 -0.07493
dist/lin/ang/drive_left/drive_right/tv_l/tv_r/av_l/av_r/x/y/theta/t_err: -0.05901 0.00000 -0.57280 -0.16725 -0.00310 0.26008 -0.36225 0.26008 -0.36225 0 0 93.38121 -0.05901
fb: -0.07569 0.01644 0.41426 -0.41990
fb: -0.07767 -0.03679 0.41426 -0.41990
target: 0.00000 -0.09833
dist/lin/ang/drive_left/drive_right/tv_l/tv_r/av_l/av_r/x/y/theta/t_err: -0.06913 0.00000 -0.75167 -0.04088 -0.11446 0.11567 -0.10492 0.11567 -0.10492 0 0 93.96082 -0.06913
fb: -0.07171 -0.05281 0.19643 -0.20230
fb: -0.06399 -0.06124 0.19643 -0.20230
target: 0.00000 -0.08510
dist/lin/ang/drive_left/drive_right/tv_l/tv_r/av_l/av_r/x/y/theta/t_err: -0.06331 0.00000 -0.65058 -0.00275 -0.12524 0.31006 -0.32067 0.31006 -0.32067 0 0 93.62761 -0.06331
fb: -0.05053 -0.09706 -0.05343 0.05747
fb: -0.05428 -0.13510 -0.05343 0.05747
target: 0.00000 -0.00068
dist/lin/ang/drive_left/drive_right/tv_l/tv_r/av_l/av_r/x/y/theta/t_err: -0.05227 0.00000 -0.00523 0.08082 -0.18938 0.13450 -0.18033 0.13450 -0.18033 0 0 92.99484 -0.05227
fb: -0.05803 -0.14959 -0.41854 0.42343
fb: -0.05428 -0.15050 -0.41854 0.42343
target: 0.00000 -0.00041
dist/lin/ang/drive_left/drive_right/tv_l/tv_r/av_l/av_r/x/y/theta/t_err: -0.03128 0.00000 -0.00313 0.09622 -0.20478 -0.12886 0.05767 -0.12886 0.05767 0 0 91.79238 -0.03128
fb: -0.04854 -0.14555 -0.04004 0.04493
fb: -0.03111 -0.13127 -0.04004 0.04493
target: 0.00000 -0.00011
dist/lin/ang/drive_left/drive_right/tv_l/tv_r/av_l/av_r/x/y/theta/t_err: -0.00846 0.00000 -0.00085 0.10016 -0.16238 -0.24725 0.30389 -0.24725 0.30389 0 0 90.48484 -0.00846
fb: -0.01942 -0.09002 -0.04031 0.04520
fb: -0.01942 -0.03240 -0.04031 0.04520
target: 0.00000 0.00013
dist/lin/ang/drive_left/drive_right/tv_l/tv_r/av_l/av_r/x/y/theta/t_err: 0.00974 0.00000 0.00097 0.01298 -0.05182 -0.05664 0.06311 -0.05664 0.06311 0 0 89.44196 0.00974
fb: -0.02317 0.00286 -0.04016 0.04506
fb: -0.02317 0.01108 -0.04016 0.04506
final error was 0.77863
position: -0.40735 -1.10190 89.22137
took 0.62000 time to finish turn
target: 0.00000 0.07849
dist/lin/ang/drive_left/drive_right/tv_l/tv_r/av_l/av_r/x/y/theta/t_err: 1.57080 0.00000 0.60000 0.00000 0.00000 -0.00033 -0.00017 -0.00033 -0.00017 0 0 -0.00015 1.57080
fb: 0.00000 0.00000 -0.43381 0.43949
fb: 0.00000 0.00000 -0.43381 0.43949
target: 0.00000 0.15697
dist/lin/ang/drive_left/drive_right/tv_l/tv_r/av_l/av_r/x/y/theta/t_err: 1.57080 0.00000 1.20000 0.00000 0.00000 -0.02925 0.03406 -0.02925 0.03406 0 0 -0.00005 1.57080
fb: 0.00000 0.00000 -0.47541 0.48187
fb: 0.00000 0.00000 -0.47541 0.48187
target: 0.00000 0.23546
dist/lin/ang/drive_left/drive_right/tv_l/tv_r/av_l/av_r/x/y/theta/t_err: 1.57078 0.00000 1.80000 0.00000 0.00000 -0.35367 0.35267 -0.35367 0.35267 0 0 0.00103 1.57078
fb: -0.00199 0.02585 -0.51700 0.52425
fb: -0.00199 0.08340 -0.51700 0.52425
target: 0.00000 0.31394
dist/lin/ang/drive_left/drive_right/tv_l/tv_r/av_l/av_r/x/y/theta/t_err: 1.56960 0.00000 2.40000 -0.08539 0.08142 -0.43136 0.43086 -0.43136 0.43086 0 0 0.06880 1.56960
fb: 0.00000 0.13406 -0.64854 0.65658
fb: 0.00000 0.17976 -0.62569 0.63372
target: 0.00000 0.39243
dist/lin/ang/drive_left/drive_right/tv_l/tv_r/av_l/av_r/x/y/theta/t_err: 1.55510 0.00000 3.00000 -0.17976 0.17976 -0.47961 0.45411 -0.47961 0.45411 0 0 0.89955 1.55510
fb: 0.00000 0.21983 -0.68650 0.69532
fb: 0.00000 0.26135 -0.66574 0.67455
target: 0.00000 0.47092
dist/lin/ang/drive_left/drive_right/tv_l/tv_r/av_l/av_r/x/y/theta/t_err: 1.52622 0.00000 3.60000 -0.26135 0.26135 -0.52053 0.44061 -0.52053 0.44061 0 0 2.55388 1.52622
fb: 0.00000 0.30567 -0.72442 0.73402
fb: 0.00000 0.35019 -0.70216 0.71176
target: 0.00000 0.54940
dist/lin/ang/drive_left/drive_right/tv_l/tv_r/av_l/av_r/x/y/theta/t_err: 1.48463 0.00000 4.20000 -0.35019 0.35019 -0.53456 0.46267 -0.53456 0.46267 0 0 4.93685 1.48463
fb: 0.00000 0.38935 -0.76342 0.77381
fb: 0.00000 0.42419 -0.74600 0.75639
target: 0.00000 0.62789
dist/lin/ang/drive_left/drive_right/tv_l/tv_r/av_l/av_r/x/y/theta/t_err: 1.42980 0.00000 4.80000 -0.42419 0.42419 -0.52103 0.46217 -0.52103 0.46217 0 0 8.07835 1.42980
fb: 0.00000 0.45951 -0.80918 0.82035
fb: 0.00000 0.49393 -0.79197 0.80314
target: 0.00000 0.70637
dist/lin/ang/drive_left/drive_right/tv_l/tv_r/av_l/av_r/x/y/theta/t_err: 1.36378 0.00000 5.40000 -0.49393 0.49393 -0.50906 0.40072 -0.50906 0.40072 0 0 11.86130 1.36378
fb: 0.00000 0.51894 -0.86030 0.87226
fb: 0.00000 0.54236 -0.84860 0.86055
target: 0.00000 0.78486
dist/lin/ang/drive_left/drive_right/tv_l/tv_r/av_l/av_r/x/y/theta/t_err: 1.28762 0.00000 6.00000 -0.54236 0.54236 -0.55081 0.49417 -0.55081 0.49417 0 0 16.22491 1.28762
fb: -0.02317 0.57106 -0.91508 0.92783
fb: -0.05626 0.59350 -0.90387 0.91661
target: 0.00000 0.86335
dist/lin/ang/drive_left/drive_right/tv_l/tv_r/av_l/av_r/x/y/theta/t_err: 1.20378 0.00000 6.60000 -0.64976 0.53723 -0.42642 0.45086 -0.42642 0.45086 0 0 21.02842 1.20378
fb: -0.07568 0.60806 -0.97743 0.99095
fb: -0.08142 0.62882 -0.96704 0.98057
target: 0.00000 0.94183
dist/lin/ang/drive_left/drive_right/tv_l/tv_r/av_l/av_r/x/y/theta/t_err: 1.11280 0.00000 7.20000 -0.71024 0.54741 -0.56792 0.51058 -0.56792 0.51058 0 0 26.24127 1.11280
fb: -0.07965 0.65586 -1.00000 1.00000
fb: -0.08715 0.68185 -1.00000 1.00000
target: 0.00000 0.98108
dist/lin/ang/drive_left/drive_right/tv_l/tv_r/av_l/av_r/x/y/theta/t_err: 1.01584 0.00000 7.50000 -0.76900 0.59470 -0.57717 0.42608 -0.57717 0.42608 0 0 31.79673 1.01584
fb: -0.09884 0.69522 -0.87851 0.89322
fb: -0.11649 0.71014 -0.87106 0.88576
target: 0.00000 0.98108
dist/lin/ang/drive_left/drive_right/tv_l/tv_r/av_l/av_r/x/y/theta/t_err: 0.91149 0.00000 7.50000 -0.82663 0.59364 -0.58022 0.53197 -0.58022 0.53197 0 0 37.77556 0.91149
fb: -0.11429 0.73905 -0.68000 0.69471
fb: -0.12223 0.74797 -0.67555 0.69025
target: 0.00000 0.98108
dist/lin/ang/drive_left/drive_right/tv_l/tv_r/av_l/av_r/x/y/theta/t_err: 0.80185 0.00000 7.50000 -0.87020 0.62574 -0.58331 0.54875 -0.58331 0.54875 0 0 44.05755 0.80185
fb: -0.11649 0.75814 -0.67046 0.68516
fb: -0.09112 0.77340 -0.66283 0.67753
target: 0.00000 0.76067
dist/lin/ang/drive_left/drive_right/tv_l/tv_r/av_l/av_r/x/y/theta/t_err: 0.68729 0.00000 5.81509 -0.86452 0.68228 -0.62592 0.57492 -0.62592 0.57492 0 0 50.62093 0.68729
fb: -0.10259 0.80037 0.64753 -0.64481
fb: -0.12024 0.82503 0.65986 -0.65715
target: 0.00000 0.67252
dist/lin/ang/drive_left/drive_right/tv_l/tv_r/av_l/av_r/x/y/theta/t_err: 0.56805 0.00000 5.14120 -0.94527 0.70479 -0.49586 0.40894 -0.49586 0.40894 0 0 57.45327 0.56805
fb: -0.13392 0.84440 0.16521 -0.16338
fb: -0.15311 0.84147 0.16374 -0.16191
target: 0.00000 0.56805
dist/lin/ang/drive_left/drive_right/tv_l/tv_r/av_l/av_r/x/y/theta/t_err: 0.44143 0.00000 4.34258 -0.99459 0.68836 0.11358 -0.15794 0.11358 -0.15794 0 0 64.70801 0.44143
fb: -0.16878 0.80413 0.32610 -0.32531
fb: -0.15311 0.74741 0.29774 -0.29695
target: 0.00000 0.44703
dist/lin/ang/drive_left/drive_right/tv_l/tv_r/av_l/av_r/x/y/theta/t_err: 0.31468 0.00000 3.41738 -0.90053 0.59430 0.16497 -0.18669 0.16497 -0.18669 0 0 71.97040 0.31468
fb: -0.12399 0.69097 0.46869 -0.46911
fb: -0.10855 0.62945 0.43793 -0.43835
target: 0.00000 0.31726
dist/lin/ang/drive_left/drive_right/tv_l/tv_r/av_l/av_r/x/y/theta/t_err: 0.20255 0.00000 2.42538 -0.73800 0.52090 0.28436 -0.30131 0.28436 -0.30131 0 0 78.39497 0.20255
fb: -0.10657 0.56347 0.57791 -0.57963
fb: -0.10878 0.48613 0.53924 -0.54096
target: 0.00000 0.17670
dist/lin/ang/drive_left/drive_right/tv_l/tv_r/av_l/av_r/x/y/theta/t_err: 0.10884 0.00000 1.35083 -0.59490 0.37735 0.36856 -0.37886 0.36856 -0.37886 0 0 83.76380 0.10884
fb: -0.11054 0.40767 0.57790 -0.58103
fb: -0.13570 0.33556 0.57790 -0.58103
target: 0.00000 0.00049
dist/lin/ang/drive_left/drive_right/tv_l/tv_r/av_l/av_r/x/y/theta/t_err: 0.03756 0.00000 0.00376 -0.47126 0.19986 0.36583 -0.39286 0.36583 -0.39286 0 0 87.84786 0.03756
fb: -0.15711 0.26951 0.96622 -0.97111
fb: -0.14343 0.20443 0.83171 -0.83660
target: 0.00000 -0.00015
dist/lin/ang/drive_left/drive_right/tv_l/tv_r/av_l/av_r/x/y/theta/t_err: -0.01130 0.00000 -0.00113 -0.34785 0.06100 0.47328 -0.43428 0.47328 -0.43428 0 0 90.64743 -0.01130
fb: -0.12622 0.13454 0.04198 -0.04687
fb: -0.09709 0.06731 0.04198 -0.04687
target: 0.00000 -0.00052
dist/lin/ang/drive_left/drive_right/tv_l/tv_r/av_l/av_r/x/y/theta/t_err: -0.03982 0.00000 -0.00398 -0.16440 -0.02978 0.28628 -0.31758 0.28628 -0.31758 0 0 92.28143 -0.03982
fb: -0.07944 0.00780 0.04098 -0.04588
fb: -0.07944 -0.03651 0.04098 -0.04588
target: 0.00000 -0.00063
dist/lin/ang/drive_left/drive_right/tv_l/tv_r/av_l/av_r/x/y/theta/t_err: -0.04800 0.00000 -0.00480 -0.04293 -0.11595 0.06453 -0.07458 0.06453 -0.07458 0 0 92.75022 -0.04800
fb: -0.06796 -0.05177 0.03984 -0.04474
fb: -0.06796 -0.05156 0.03984 -0.04474
target: 0.00000 -0.00055
dist/lin/ang/drive_left/drive_right/tv_l/tv_r/av_l/av_r/x/y/theta/t_err: -0.04222 0.00000 -0.00422 -0.01640 -0.11952 0.03953 -0.04656 0.03953 -0.04656 0 0 92.41879 -0.04222
fb: -0.07370 -0.04926 -0.03907 0.04396
fb: -0.06201 -0.04877 -0.03907 0.04396
target: 0.00000 -0.00045
dist/lin/ang/drive_left/drive_right/tv_l/tv_r/av_l/av_r/x/y/theta/t_err: -0.03447 0.00000 -0.00345 -0.01323 -0.11078 0.01403 -0.02378 0.01403 -0.02378 0 0 91.97481 -0.03447
fb: -0.05605 -0.04822 -0.03924 0.04413
fb: -0.05031 -0.04543 -0.03924 0.04413
target: 0.00000 -0.00035
dist/lin/ang/drive_left/drive_right/tv_l/tv_r/av_l/av_r/x/y/theta/t_err: -0.02706 0.00000 -0.00271 -0.00488 -0.09574 -0.03183 0.03714 -0.03183 0.03714 0 0 91.55056 -0.02706
fb: -0.03508 -0.04250 -0.03927 0.04416
fb: -0.02714 -0.03672 -0.03927 0.04416
final error was -1.15919
position: -0.50331 -1.24472 91.15919
took 0.58000 time to finish turn
target: 0.00000 0.07849
dist/lin/ang/drive_left/drive_right/tv_l/tv_r/av_l/av_r/x/y/theta/t_err: 1.57080 0.00000 0.60000 0.00000 0.00000 -0.00017 0.00000 -0.00017 0.00000 0 0 0.00004 1.57080
fb: 0.00000 0.00000 -0.43381 0.43949
fb: 0.00000 0.00000 -0.43381 0.43949
target: 0.00000 0.15697
dist/lin/ang/drive_left/drive_right/tv_l/tv_r/av_l/av_r/x/y/theta/t_err: 1.57080 0.00000 1.20000 0.00000 0.00000 -0.02822 0.02789 -0.02822 0.02789 0 0 -0.00006 1.57080
fb: 0.00000 0.00000 -0.47541 0.48187
fb: 0.00000 0.00453 -0.47541 0.48187
target: 0.00000 0.23546
dist/lin/ang/drive_left/drive_right/tv_l/tv_r/av_l/av_r/x/y/theta/t_err: 1.57078 0.00000 1.80000 -0.00453 0.00453 -0.36328 0.35181 -0.36328 0.35181 0 0 0.00081 1.57078
fb: 0.00000 0.03623 -0.51700 0.52425
fb: 0.00000 0.08828 -0.51700 0.52425
target: 0.00000 0.31394
dist/lin/ang/drive_left/drive_right/tv_l/tv_r/av_l/av_r/x/y/theta/t_err: 1.56856 0.00000 2.40000 -0.08828 0.08828 -0.42814 0.42519 -0.42814 0.42519 0 0 0.12817 1.56856
fb: 0.00000 0.13698 -0.64708 0.65511
fb: 0.00000 0.18248 -0.62433 0.63237
target: 0.00000 0.39243
dist/lin/ang/drive_left/drive_right/tv_l/tv_r/av_l/av_r/x/y/theta/t_err: 1.55329 0.00000 3.00000 -0.18248 0.18248 -0.47225 0.45547 -0.47225 0.45547 0 0 1.00328 1.55329
fb: 0.00000 0.22707 -0.68288 0.69169
fb: 0.00000 0.26958 -0.66163 0.67044
target: 0.00000 0.47092
dist/lin/ang/drive_left/drive_right/tv_l/tv_r/av_l/av_r/x/y/theta/t_err: 1.52379 0.00000 3.60000 -0.26958 0.26958 -0.47961 0.44558 -0.47961 0.44558 0 0 2.69348 1.52379
fb: 0.00000 0.31013 -0.72219 0.73179
fb: 0.00000 0.35124 -0.70164 0.71124
target: 0.00000 0.54940
dist/lin/ang/drive_left/drive_right/tv_l/tv_r/av_l/av_r/x/y/theta/t_err: 1.48119 0.00000 4.20000 -0.35124 0.35124 -0.49397 0.48183 -0.49397 0.48183 0 0 5.13386 1.48119
fb: 0.00000 0.39039 -0.76290 0.77329
fb: 0.00000 0.42662 -0.74478 0.75517
target: 0.00000 0.62789
dist/lin/ang/drive_left/drive_right/tv_l/tv_r/av_l/av_r/x/y/theta/t_err: 1.42621 0.00000 4.80000 -0.42662 0.42662 -0.50681 0.50631 -0.50681 0.50631 0 0 8.28416 1.42621
fb: 0.00000 0.46578 -0.80604 0.81722
fb: 0.00000 0.50132 -0.78828 0.79945
target: 0.00000 0.70637
dist/lin/ang/drive_left/drive_right/tv_l/tv_r/av_l/av_r/x/y/theta/t_err: 1.35958 0.00000 5.40000 -0.50132 0.50132 -0.51881 0.51522 -0.51881 0.51522 0 0 12.10179 1.35958
fb: 0.00000 0.53337 -0.85309 0.86505
fb: 0.00000 0.56382 -0.83787 0.84982
target: 0.00000 0.78486
dist/lin/ang/drive_left/drive_right/tv_l/tv_r/av_l/av_r/x/y/theta/t_err: 1.28197 0.00000 6.00000 -0.56382 0.56382 -0.57800 0.49725 -0.57800 0.49725 0 0 16.54860 1.28197
fb: 0.00000 0.59162 -0.90481 0.91755
fb: 0.00000 0.61761 -0.89181 0.90456
target: 0.00000 0.86335
dist/lin/ang/drive_left/drive_right/tv_l/tv_r/av_l/av_r/x/y/theta/t_err: 1.19493 0.00000 6.60000 -0.61761 0.61761 -0.54772 0.45978 -0.54772 0.45978 0 0 21.53531 1.19493
fb: -0.02515 0.63739 -0.96276 0.97629
fb: -0.04655 0.65718 -0.95287 0.96639
target: 0.00000 0.94183
dist/lin/ang/drive_left/drive_right/tv_l/tv_r/av_l/av_r/x/y/theta/t_err: 1.10010 0.00000 7.20000 -0.70374 0.61063 -0.55783 0.47208 -0.55783 0.47208 0 0 26.96905 1.10010
fb: -0.05428 0.67857 -1.00000 1.00000
fb: -0.07369 0.69975 -1.00000 1.00000
target: 0.00000 0.98108
dist/lin/ang/drive_left/drive_right/tv_l/tv_r/av_l/av_r/x/y/theta/t_err: 0.99903 0.00000 7.50000 -0.77345 0.62606 -0.53761 0.53764 -0.53761 0.53764 0 0 32.75952 0.99903
fb: -0.08538 0.72010 -0.86607 0.88078
fb: -0.09311 0.73550 -0.85838 0.87308
target: 0.00000 0.98108
dist/lin/ang/drive_left/drive_right/tv_l/tv_r/av_l/av_r/x/y/theta/t_err: 0.89150 0.00000 7.50000 -0.82860 0.64239 -0.54106 0.48817 -0.54106 0.48817 0 0 38.92092 0.89150
fb: -0.09509 0.75501 -0.67203 0.68673
fb: -0.09487 0.77647 -0.66130 0.67600
target: 0.00000 0.98108
dist/lin/ang/drive_left/drive_right/tv_l/tv_r/av_l/av_r/x/y/theta/t_err: 0.77839 0.00000 7.50000 -0.87134 0.68160 -0.56189 0.48869 -0.56189 0.48869 0 0 45.40148 0.77839
fb: -0.09884 0.79841 -0.65032 0.66503
fb: -0.10480 0.81207 -0.64349 0.65820
target: 0.00000 0.74059
dist/lin/ang/drive_left/drive_right/tv_l/tv_r/av_l/av_r/x/y/theta/t_err: 0.65913 0.00000 5.66155 -0.91687 0.70727 -0.61325 0.55697 -0.61325 0.55697 0 0 52.23479 0.65913
fb: -0.10458 0.82977 0.77329 -0.77078
fb: -0.10855 0.84816 0.78249 -0.77998
target: 0.00000 0.64600
dist/lin/ang/drive_left/drive_right/tv_l/tv_r/av_l/av_r/x/y/theta/t_err: 0.53440 0.00000 4.93848 -0.95671 0.73962 -0.27600 0.36481 -0.27600 0.36481 0 0 59.38134 0.53440
fb: -0.12222 0.85910 0.22883 -0.22726
fb: -0.12995 0.84886 0.22370 -0.22214
target: 0.00000 0.53483
dist/lin/ang/drive_left/drive_right/tv_l/tv_r/av_l/av_r/x/y/theta/t_err: 0.40450 0.00000 4.08861 -0.97880 0.71891 0.18822 -0.11242 0.18822 -0.11242 0 0 66.82368 0.40450
fb: -0.13392 0.79605 0.38644 -0.38599
fb: -0.13569 0.73229 0.35457 -0.35411
target: 0.00000 0.40702
dist/lin/ang/drive_left/drive_right/tv_l/tv_r/av_l/av_r/x/y/theta/t_err: 0.27748 0.00000 3.11153 -0.86798 0.59661 0.25239 -0.23253 0.25239 -0.23253 0 0 74.10149 0.27748
fb: -0.13767 0.68108 0.53549 -0.53631
fb: -0.14363 0.61816 0.50403 -0.50485
target: 0.00000 0.26907
dist/lin/ang/drive_left/drive_right/tv_l/tv_r/av_l/av_r/x/y/theta/t_err: 0.16716 0.00000 2.05694 -0.76180 0.47453 0.36514 -0.34703 0.36514 -0.34703 0 0 80.42216 0.16716
fb: -0.14342 0.54891 0.65712 -0.65932
fb: -0.13768 0.47616 0.62075 -0.62295
target: 0.00000 0.11190
dist/lin/ang/drive_left/drive_right/tv_l/tv_r/av_l/av_r/x/y/theta/t_err: 0.07536 0.00000 0.85541 -0.61385 0.33848 0.38669 -0.34686 0.38669 -0.34686 0 0 85.68203 0.07536
fb: -0.13195 0.40788 0.83499 -0.83876
fb: -0.11628 0.33835 0.68699 -0.69077
target: 0.00000 0.00007
dist/lin/ang/drive_left/drive_right/tv_l/tv_r/av_l/av_r/x/y/theta/t_err: 0.00510 0.00000 0.00051 -0.45463 0.22206 0.24964 -0.43153 0.24964 -0.43153 0 0 89.70801 0.00510
fb: -0.11628 0.26881 0.67659 -0.68148
fb: -0.13195 0.19537 0.54222 -0.54711
target: 0.00000 -0.00058
dist/lin/ang/drive_left/drive_right/tv_l/tv_r/av_l/av_r/x/y/theta/t_err: -0.04407 0.00000 -0.00441 -0.32732 0.06342 0.36686 -0.43925 0.36686 -0.43925 0 0 92.52497 -0.04407
fb: -0.14166 0.12012 0.04222 -0.04712
fb: -0.13769 0.04515 0.04222 -0.04712
target: 0.00000 -0.07906
dist/lin/ang/drive_left/drive_right/tv_l/tv_r/av_l/av_r/x/y/theta/t_err: -0.07106 0.00000 -0.60441 -0.18284 -0.09254 0.21558 -0.31383 0.21558 -0.31383 0 0 94.07128 -0.07106
fb: -0.11629 -0.01589 0.43411 -0.43980
fb: -0.09687 -0.04271 0.43411 -0.43980
target: 0.00000 -0.11276
dist/lin/ang/drive_left/drive_right/tv_l/tv_r/av_l/av_r/x/y/theta/t_err: -0.07577 0.00000 -0.86201 -0.05416 -0.13958 0.14306 -0.15417 0.14306 -0.15417 0 0 94.34121 -0.07577
fb: -0.08341 -0.05212 0.25042 -0.25644
fb: -0.06598 -0.08243 0.25042 -0.25644
target: 0.00000 -0.09827
dist/lin/ang/drive_left/drive_right/tv_l/tv_r/av_l/av_r/x/y/theta/t_err: -0.06910 0.00000 -0.75125 0.01645 -0.14840 0.31792 -0.32564 0.31792 -0.32564 0 0 93.95941 -0.06910
fb: -0.05627 -0.12890 -0.05214 0.05605
fb: -0.06201 -0.15566 -0.05214 0.05605
target: 0.00000 -0.06392
dist/lin/ang/drive_left/drive_right/tv_l/tv_r/av_l/av_r/x/y/theta/t_err: -0.05453 0.00000 -0.48861 0.09365 -0.21766 0.15722 -0.18411 0.15722 -0.18411 0 0 93.12427 -0.05453
fb: -0.06774 -0.16666 -0.15975 0.16400
fb: -0.07171 -0.16388 -0.15975 0.16400
target: 0.00000 -0.00040
dist/lin/ang/drive_left/drive_right/tv_l/tv_r/av_l/av_r/x/y/theta/t_err: -0.03042 0.00000 -0.00304 0.09216 -0.23559 -0.07031 0.05422 -0.07031 0.05422 0 0 91.74286 -0.03042
fb: -0.06399 -0.15391 -0.32464 0.32953
fb: -0.04281 -0.13406 -0.32464 0.32953
target: 0.00000 -0.00008
dist/lin/ang/drive_left/drive_right/tv_l/tv_r/av_l/av_r/x/y/theta/t_err: -0.00587 0.00000 -0.00059 0.09125 -0.17686 -0.19678 0.15828 -0.19678 0.15828 0 0 90.33610 -0.00587
fb: -0.01942 -0.10068 -0.04043 0.04532
fb: -0.01169 -0.05149 -0.04043 0.04532
target: 0.00000 0.00017
dist/lin/ang/drive_left/drive_right/tv_l/tv_r/av_l/av_r/x/y/theta/t_err: 0.01321 0.00000 0.00132 0.03980 -0.06319 -0.19986 0.22739 -0.19986 0.22739 0 0 89.24301 0.01321
fb: -0.02339 0.00801 -0.04024 0.04513
fb: -0.02516 0.02940 -0.04024 0.04513
final error was 1.06786
position: -0.35642 -1.29426 88.93214
took 0.62000 time to finish turn
target: 0.00000 0.07849
dist/lin/ang/drive_left/drive_right/tv_l/tv_r/av_l/av_r/x/y/theta/t_err: 1.57080 0.00000 0.60000 0.00000 0.00000 -0.00017 -0.00017 -0.00017 -0.00017 0 0 0.00005 1.57080
fb: 0.00000 0.00000 -0.43381 0.43949
fb: 0.00000 0.00000 -0.43381 0.43949
target: 0.00000 0.15697
dist/lin/ang/drive_left/drive_right/tv_l/tv_r/av_l/av_r/x/y/theta/t_err: 1.57079 0.00000 1.20000 0.00000 0.00000 -0.05714 0.05681 -0.05714 0.05681 0 0 0.00034 1.57079
fb: 0.00000 0.00000 -0.47541 0.48187
fb: 0.00000 0.00000 -0.47541 0.48187
target: 0.00000 0.23546
dist/lin/ang/drive_left/drive_right/tv_l/tv_r/av_l/av_r/x/y/theta/t_err: 1.57079 0.00000 1.80000 0.00000 0.00000 -0.36444 0.35436 -0.36444 0.35436 0 0 0.00032 1.57079
fb: 0.00000 0.01059 -0.51700 0.52425
fb: 0.00000 0.05818 -0.51700 0.52425
target: 0.00000 0.31394
dist/lin/ang/drive_left/drive_right/tv_l/tv_r/av_l/av_r/x/y/theta/t_err: 1.57037 0.00000 2.40000 -0.05818 0.05818 -0.43650 0.43100 -0.43650 0.43100 0 0 0.02468 1.57037
fb: 0.00000 0.10932 -0.66091 0.66894
fb: 0.00000 0.15175 -0.63970 0.64773
target: 0.00000 0.39243
dist/lin/ang/drive_left/drive_right/tv_l/tv_r/av_l/av_r/x/y/theta/t_err: 1.55946 0.00000 3.00000 -0.15175 0.15175 -0.47486 0.47294 -0.47486 0.47294 0 0 0.64932 1.55946
fb: 0.00000 0.19788 -0.69747 0.70629
fb: 0.00000 0.23941 -0.67671 0.68553
target: 0.00000 0.47092
dist/lin/ang/drive_left/drive_right/tv_l/tv_r/av_l/av_r/x/y/theta/t_err: 1.53455 0.00000 3.60000 -0.23941 0.23941 -0.49639 0.41869 -0.49639 0.41869 0 0 2.07691 1.53455
fb: 0.00000 0.28086 -0.73682 0.74642
fb: 0.00000 0.31542 -0.71954 0.72915
target: 0.00000 0.54940
dist/lin/ang/drive_left/drive_right/tv_l/tv_r/av_l/av_r/x/y/theta/t_err: 1.49645 0.00000 4.20000 -0.31542 0.31542 -0.51247 0.44781 -0.51247 0.44781 0 0 4.25956 1.49645
fb: 0.00000 0.35284 -0.78168 0.79206
fb: 0.00000 0.39004 -0.76307 0.77346
target: 0.00000 0.62789
dist/lin/ang/drive_left/drive_right/tv_l/tv_r/av_l/av_r/x/y/theta/t_err: 1.44692 0.00000 4.80000 -0.39004 0.39004 -0.52067 0.52408 -0.52067 0.52408 0 0 7.09755 1.44692
fb: 0.00000 0.42683 -0.82552 0.83669
fb: 0.00000 0.46362 -0.80712 0.81830
target: 0.00000 0.70637
dist/lin/ang/drive_left/drive_right/tv_l/tv_r/av_l/av_r/x/y/theta/t_err: 1.38609 0.00000 5.40000 -0.46362 0.46362 -0.53644 0.51025 -0.53644 0.51025 0 0 10.58304 1.38609
fb: 0.00000 0.50069 -0.86943 0.88139
fb: -0.00397 0.52884 -0.85536 0.86731
target: 0.00000 0.78486
dist/lin/ang/drive_left/drive_right/tv_l/tv_r/av_l/av_r/x/y/theta/t_err: 1.31395 0.00000 6.00000 -0.53281 0.52487 -0.54225 0.53678 -0.54225 0.53678 0 0 14.71632 1.31395
fb: -0.02339 0.56145 -0.91989 0.93263
fb: -0.05053 0.58653 -0.90735 0.92009
target: 0.00000 0.86335
dist/lin/ang/drive_left/drive_right/tv_l/tv_r/av_l/av_r/x/y/theta/t_err: 1.23195 0.00000 6.60000 -0.63706 0.53600 -0.54478 0.37303 -0.54478 0.37303 0 0 19.41425 1.23195
fb: -0.07369 0.60562 -0.97865 0.99217
fb: -0.08318 0.61677 -0.97307 0.98660
target: 0.00000 0.94183
dist/lin/ang/drive_left/drive_right/tv_l/tv_r/av_l/av_r/x/y/theta/t_err: 1.14180 0.00000 7.20000 -0.69995 0.53359 -0.55286 0.55269 -0.55286 0.55269 0 0 24.57977 1.14180
fb: -0.07369 0.63907 -1.00000 1.00000
fb: -0.06222 0.66833 -1.00000 1.00000
target: 0.00000 0.98108
dist/lin/ang/drive_left/drive_right/tv_l/tv_r/av_l/av_r/x/y/theta/t_err: 1.04675 0.00000 7.50000 -0.73055 0.60611 -0.67108 0.51881 -0.67108 0.51881 0 0 30.02575 1.04675
fb: -0.06597 0.69711 -0.87757 0.89228
fb: -0.07171 0.72247 -0.86489 0.87959
target: 0.00000 0.98108
dist/lin/ang/drive_left/drive_right/tv_l/tv_r/av_l/av_r/x/y/theta/t_err: 0.94375 0.00000 7.50000 -0.79417 0.65076 -0.48836 0.49533 -0.48836 0.49533 0 0 35.92717 0.94375
fb: -0.08141 0.74546 -0.67680 0.69150
fb: -0.09884 0.74922 -0.67492 0.68962
target: 0.00000 0.98108
dist/lin/ang/drive_left/drive_right/tv_l/tv_r/av_l/av_r/x/y/theta/t_err: 0.83269 0.00000 7.50000 -0.84807 0.65038 -0.57044 0.49225 -0.57044 0.49225 0 0 42.29065 0.83269
fb: -0.11252 0.74616 -0.67645 0.69116
fb: -0.10281 0.74846 -0.67530 0.69001
target: 0.00000 0.98108
dist/lin/ang/drive_left/drive_right/tv_l/tv_r/av_l/av_r/x/y/theta/t_err: 0.71835 0.00000 7.50000 -0.85127 0.64564 -0.57750 0.59958 -0.57750 0.59958 0 0 48.84171 0.71835
fb: -0.10083 0.76497 -0.66705 0.68175
fb: -0.10083 0.79368 -0.65269 0.66740
target: 0.00000 0.69952
dist/lin/ang/drive_left/drive_right/tv_l/tv_r/av_l/av_r/x/y/theta/t_err: 0.60337 0.00000 5.34762 -0.89450 0.69285 -0.64094 0.61139 -0.64094 0.61139 0 0 55.42953 0.60337
fb: -0.08516 0.82106 0.99603 -0.99393
fb: -0.09112 0.84747 1.00000 -1.00000
target: 0.00000 0.60225
dist/lin/ang/drive_left/drive_right/tv_l/tv_r/av_l/av_r/x/y/theta/t_err: 0.48112 0.00000 4.60403 -0.93858 0.75635 -0.40158 0.39950 -0.40158 0.39950 0 0 62.43360 0.48112
fb: -0.09906 0.87011 0.29147 -0.29034
fb: -0.12222 0.87081 0.29182 -0.29069
target: 0.00000 0.48373
dist/lin/ang/drive_left/drive_right/tv_l/tv_r/av_l/av_r/x/y/theta/t_err: 0.35085 0.00000 3.69794 -0.99303 0.74858 0.07906 -0.14392 0.07906 -0.14392 0 0 69.89764 0.35085
fb: -0.14142 0.84670 0.49750 -0.49755
fb: -0.13171 0.80057 0.47443 -0.47449
target: 0.00000 0.33799
dist/lin/ang/drive_left/drive_right/tv_l/tv_r/av_l/av_r/x/y/theta/t_err: 0.21880 0.00000 2.58381 -0.93229 0.66886 0.27514 -0.29497 0.27514 -0.29497 0 0 77.46348 0.21880
fb: -0.13569 0.73487 0.71416 -0.71567
fb: -0.15709 0.66199 0.67772 -0.67923
target: 0.00000 0.15928
dist/lin/ang/drive_left/drive_right/tv_l/tv_r/av_l/av_r/x/y/theta/t_err: 0.09924 0.00000 1.21763 -0.81908 0.50490 0.34667 -0.37697 0.34667 -0.37697 0 0 84.31409 0.09924
fb: -0.17276 0.59106 0.97469 -0.97799
fb: -0.17651 0.52097 0.93965 -0.94295
target: 0.00000 0.00001
dist/lin/ang/drive_left/drive_right/tv_l/tv_r/av_l/av_r/x/y/theta/t_err: 0.00072 0.00000 0.00007 -0.69748 0.34445 0.39731 -0.29586 0.39731 -0.29586 0 0 89.95848 0.00072
fb: -0.15511 0.44913 0.98029 -0.98518
fb: -0.13393 0.37458 0.94301 -0.94790
target: 0.00000 -0.07848
dist/lin/ang/drive_left/drive_right/tv_l/tv_r/av_l/av_r/x/y/theta/t_err: -0.07623 0.00000 -0.59993 -0.50851 0.24064 0.36258 -0.36481 0.36258 -0.36481 0 0 94.36754 -0.07623
fb: -0.12224 0.30002 0.62305 -0.62873
fb: -0.11055 0.22192 0.58400 -0.58968
target: 0.00000 -0.15696
dist/lin/ang/drive_left/drive_right/tv_l/tv_r/av_l/av_r/x/y/theta/t_err: -0.13080 0.00000 -1.19993 -0.33247 0.11137 0.40042 -0.43156 0.40042 -0.43156 0 0 97.49413 -0.13080
fb: -0.11231 0.14374 0.62575 -0.63222
fb: -0.11629 0.06835 0.47540 -0.48186
target: 0.00000 -0.23545
dist/lin/ang/drive_left/drive_right/tv_l/tv_r/av_l/av_r/x/y/theta/t_err: -0.16175 0.00000 -1.79993 -0.18464 -0.04794 0.35811 -0.33556 0.35811 -0.33556 0 0 99.26760 -0.16175
fb: -0.11827 0.00000 0.51700 -0.52425
fb: -0.10856 -0.05943 0.51700 -0.52425
target: 0.00000 -0.27260
dist/lin/ang/drive_left/drive_right/tv_l/tv_r/av_l/av_r/x/y/theta/t_err: -0.16964 0.00000 -2.08392 -0.04913 -0.16800 0.33692 -0.39989 0.33692 -0.39989 0 0 99.71972 -0.16964
fb: -0.07966 -0.10535 0.43430 -0.44192
fb: -0.06598 -0.14771 0.41312 -0.42073
target: 0.00000 -0.25713
dist/lin/ang/drive_left/drive_right/tv_l/tv_r/av_l/av_r/x/y/theta/t_err: -0.15892 0.00000 -1.96565 0.08174 -0.21369 0.40742 -0.45600 0.40742 -0.45600 0 0 99.10562 -0.15892
fb: -0.07370 -0.19258 0.13795 -0.14541
fb: -0.07370 -0.23439 0.11705 -0.12451
target: 0.00000 -0.21992
dist/lin/ang/drive_left/drive_right/tv_l/tv_r/av_l/av_r/x/y/theta/t_err: -0.13458 0.00000 -1.68120 0.16069 -0.30809 0.30903 -0.35933 0.30903 -0.35933 0 0 97.71079 -0.13458
fb: -0.07745 -0.27153 -0.08990 0.09260
fb: -0.07767 -0.29055 -0.08990 0.09260
target: 0.00000 -0.15579
dist/lin/ang/drive_left/drive_right/tv_l/tv_r/av_l/av_r/x/y/theta/t_err: -0.09737 0.00000 -1.19098 0.21288 -0.36822 0.06297 -0.10164 0.06297 -0.10164 0 0 95.57886 -0.09737
fb: -0.06995 -0.28637 -0.24502 0.24836
fb: -0.06973 -0.27599 -0.24502 0.24836
target: 0.00000 -0.06083
dist/lin/ang/drive_left/drive_right/tv_l/tv_r/av_l/av_r/x/y/theta/t_err: -0.05330 0.00000 -0.46502 0.20626 -0.34571 -0.12047 0.10058 -0.12047 0.10058 0 0 93.05410 -0.05330
fb: -0.05428 -0.26135 -0.43411 0.43840
fb: -0.03111 -0.22854 -0.43411 0.43840
target: 0.00000 -0.00015
dist/lin/ang/drive_left/drive_right/tv_l/tv_r/av_l/av_r/x/y/theta/t_err: -0.01167 0.00000 -0.00117 0.19742 -0.25965 -0.27069 0.24811 -0.27069 0.24811 0 0 90.66856 -0.01167
fb: -0.01942 -0.17691 -0.31199 0.31688
fb: -0.03089 -0.11385 -0.31199 0.31688
target: 0.00000 0.00028
dist/lin/ang/drive_left/drive_right/tv_l/tv_r/av_l/av_r/x/y/theta/t_err: 0.02115 0.00000 0.00212 0.08296 -0.14474 -0.35264 0.35589 -0.35264 0.35589 0 0 88.78800 0.02115
fb: -0.04060 -0.04397 -0.04110 0.04600
fb: -0.03685 0.01561 -0.04110 0.04600
target: 0.00000 0.00047
dist/lin/ang/drive_left/drive_right/tv_l/tv_r/av_l/av_r/x/y/theta/t_err: 0.03582 0.00000 0.00358 -0.05246 -0.02124 -0.21422 0.23644 -0.21422 0.23644 0 0 87.94793 0.03582
fb: -0.03486 0.06013 -0.04013 0.04503
fb: -0.02714 0.07859 -0.04013 0.04503
final error was 1.82602
position: -0.37406 -1.47524 88.17398
took 0.68000 time to finish turn
target: 0.00000 0.07849
dist/lin/ang/drive_left/drive_right/tv_l/tv_r/av_l/av_r/x/y/theta/t_err: 1.57079 0.00000 0.60000 0.00000 0.00000 0.00017 0.00000 0.00017 0.00000 0 0 0.00031 1.57079
fb: 0.00000 0.00000 -0.43381 0.43949
fb: 0.00000 0.00000 -0.43381 0.43949
target: 0.00000 0.15697
dist/lin/ang/drive_left/drive_right/tv_l/tv_r/av_l/av_r/x/y/theta/t_err: 1.57080 0.00000 1.20000 0.00000 0.00000 -0.04089 0.02756 -0.04089 0.02756 0 0 0.00001 1.57080
fb: 0.00000 0.00000 -0.47541 0.48187
fb: 0.00000 0.00397 -0.47541 0.48187
target: 0.00000 0.23546
dist/lin/ang/drive_left/drive_right/tv_l/tv_r/av_l/av_r/x/y/theta/t_err: 1.57079 0.00000 1.80000 -0.00397 0.00397 -0.36361 0.34958 -0.36361 0.34958 0 0 0.00036 1.57079
fb: 0.00000 0.04146 -0.51700 0.52425
fb: 0.00000 0.09371 -0.51700 0.52425
target: 0.00000 0.31394
dist/lin/ang/drive_left/drive_right/tv_l/tv_r/av_l/av_r/x/y/theta/t_err: 1.56838 0.00000 2.40000 -0.09371 0.09371 -0.43717 0.41581 -0.43717 0.41581 0 0 0.13847 1.56838
fb: -0.00199 0.14179 -0.64468 0.65271
fb: -0.00199 0.18694 -0.62210 0.63014
target: 0.00000 0.39243
dist/lin/ang/drive_left/drive_right/tv_l/tv_r/av_l/av_r/x/y/theta/t_err: 1.55239 0.00000 3.00000 -0.18893 0.18495 -0.49056 0.46147 -0.49056 0.46147 0 0 1.05469 1.55239
fb: 0.00000 0.22840 -0.68221 0.69103
fb: 0.00000 0.26707 -0.66288 0.67170
target: 0.00000 0.47092
dist/lin/ang/drive_left/drive_right/tv_l/tv_r/av_l/av_r/x/y/theta/t_err: 1.52229 0.00000 3.60000 -0.26707 0.26707 -0.46183 0.49725 -0.46183 0.49725 0 0 2.77895 1.52229
fb: 0.00000 0.30567 -0.72442 0.73402
fb: 0.00000 0.34462 -0.70495 0.71455
target: 0.00000 0.54940
dist/lin/ang/drive_left/drive_right/tv_l/tv_r/av_l/av_r/x/y/theta/t_err: 1.48011 0.00000 4.20000 -0.34462 0.34462 -0.51472 0.50544 -0.51472 0.50544 0 0 5.19573 1.48011
fb: 0.00000 0.37848 -0.76885 0.77924
fb: 0.00000 0.41353 -0.75133 0.76172
target: 0.00000 0.62789
dist/lin/ang/drive_left/drive_right/tv_l/tv_r/av_l/av_r/x/y/theta/t_err: 1.42642 0.00000 4.80000 -0.41353 0.41353 -0.52000 0.47261 -0.52000 0.47261 0 0 8.27225 1.42642
fb: 0.00000 0.44843 -0.81472 0.82589
fb: 0.00000 0.47749 -0.80019 0.81136
target: 0.00000 0.70637
dist/lin/ang/drive_left/drive_right/tv_l/tv_r/av_l/av_r/x/y/theta/t_err: 1.36206 0.00000 5.40000 -0.47749 0.47749 -0.53558 0.48408 -0.53558 0.48408 0 0 11.95977 1.36206
fb: 0.00000 0.50787 -0.86584 0.87780
fb: -0.01147 0.53393 -0.85281 0.86477
target: 0.00000 0.78486
dist/lin/ang/drive_left/drive_right/tv_l/tv_r/av_l/av_r/x/y/theta/t_err: 1.28802 0.00000 6.00000 -0.54540 0.52245 -0.47567 0.46492 -0.47567 0.46492 0 0 16.20187 1.28802
fb: -0.02714 0.56486 -0.91819 0.93093
fb: -0.03111 0.59238 -0.90442 0.91717
target: 0.00000 0.86335
dist/lin/ang/drive_left/drive_right/tv_l/tv_r/av_l/av_r/x/y/theta/t_err: 1.20534 0.00000 6.60000 -0.62349 0.56127 -0.50342 0.53556 -0.50342 0.53556 0 0 20.93888 1.20534
fb: -0.04258 0.60736 -0.97777 0.99130
fb: -0.05626 0.62269 -0.97011 0.98364
target: 0.00000 0.94183
dist/lin/ang/drive_left/drive_right/tv_l/tv_r/av_l/av_r/x/y/theta/t_err: 1.11464 0.00000 7.20000 -0.67896 0.56643 -0.65639 0.50683 -0.65639 0.50683 0 0 26.13595 1.11464
fb: -0.07568 0.64603 -1.00000 1.00000
fb: -0.09487 0.66826 -1.00000 1.00000
target: 0.00000 0.98108
dist/lin/ang/drive_left/drive_right/tv_l/tv_r/av_l/av_r/x/y/theta/t_err: 1.01870 0.00000 7.50000 -0.76313 0.57339 -0.48700 0.52939 -0.48700 0.52939 0 0 31.63277 1.01870
fb: -0.09884 0.69404 -0.87910 0.89381
fb: -0.08340 0.70170 -0.87527 0.88998
target: 0.00000 0.98108
dist/lin/ang/drive_left/drive_right/tv_l/tv_r/av_l/av_r/x/y/theta/t_err: 0.91569 0.00000 7.50000 -0.78510 0.61830 -0.60522 0.49964 -0.60522 0.49964 0 0 37.53468 0.91569
fb: -0.07171 0.70839 -0.69533 0.71004
fb: -0.09708 0.72623 -0.68642 0.70112
target: 0.00000 0.98108
dist/lin/ang/drive_left/drive_right/tv_l/tv_r/av_l/av_r/x/y/theta/t_err: 0.80832 0.00000 7.50000 -0.82331 0.62915 -0.79669 0.43719 -0.79669 0.43719 0 0 43.68656 0.80832
fb: -0.12422 0.73863 -0.68021 0.69492
fb: -0.12797 0.75947 -0.66980 0.68450
target: 0.00000 0.76766
dist/lin/ang/drive_left/drive_right/tv_l/tv_r/av_l/av_r/x/y/theta/t_err: 0.69724 0.00000 5.86854 -0.88743 0.63150 -0.55611 0.58314 -0.55611 0.58314 0 0 50.05117 0.69724
fb: -0.12024 0.78336 0.60036 -0.59758
fb: -0.12223 0.80705 0.61221 -0.60942
target: 0.00000 0.68196
dist/lin/ang/drive_left/drive_right/tv_l/tv_r/av_l/av_r/x/y/theta/t_err: 0.58027 0.00000 5.21333 -0.92928 0.68483 -0.61206 0.49400 -0.61206 0.49400 0 0 56.75308 0.58027
fb: -0.12973 0.82475 0.13467 -0.13275
fb: -0.13943 0.82273 0.13366 -0.13173
target: 0.00000 0.58108
dist/lin/ang/drive_left/drive_right/tv_l/tv_r/av_l/av_r/x/y/theta/t_err: 0.45635 0.00000 4.44220 -0.96216 0.68330 0.06261 -0.09153 0.06261 -0.09153 0 0 63.85295 0.45635
fb: -0.14363 0.79075 0.28980 -0.28889
fb: -0.13966 0.72602 0.25744 -0.25652
target: 0.00000 0.46495
dist/lin/ang/drive_left/drive_right/tv_l/tv_r/av_l/av_r/x/y/theta/t_err: 0.33209 0.00000 3.55437 -0.86568 0.58636 0.16494 -0.16531 0.16494 -0.16531 0 0 70.97237 0.33209
fb: -0.13370 0.66408 0.41478 -0.41502
fb: -0.13393 0.59782 0.38165 -0.38189
target: 0.00000 0.34393
dist/lin/ang/drive_left/drive_right/tv_l/tv_r/av_l/av_r/x/y/theta/t_err: 0.22358 0.00000 2.62925 -0.73174 0.46389 0.27397 -0.27394 0.27397 -0.27394 0 0 77.18967 0.22358
fb: -0.14165 0.53838 0.49853 -0.49999
fb: -0.13570 0.47094 0.46481 -0.46626
target: 0.00000 0.21929
dist/lin/ang/drive_left/drive_right/tv_l/tv_r/av_l/av_r/x/y/theta/t_err: 0.13419 0.00000 1.67640 -0.60663 0.33524 0.36533 -0.36242 0.36533 -0.36242 0 0 82.31175 0.13419
fb: -0.13768 0.40461 0.48369 -0.48639
fb: -0.13570 0.33862 0.48369 -0.48639
target: 0.00000 0.08821
dist/lin/ang/drive_left/drive_right/tv_l/tv_r/av_l/av_r/x/y/theta/t_err: 0.06466 0.00000 0.67431 -0.47432 0.20292 0.37747 -0.41578 0.37747 -0.41578 0 0 86.29548 0.06466
fb: -0.12599 0.27069 0.58215 -0.58616
fb: -0.13769 0.19969 0.58215 -0.58616
target: 0.00000 0.00020
dist/lin/ang/drive_left/drive_right/tv_l/tv_r/av_l/av_r/x/y/theta/t_err: 0.01546 0.00000 0.00155 -0.33738 0.06200 0.40367 -0.43769 0.40367 -0.43769 0 0 89.11443 0.01546
fb: -0.13769 0.12820 0.43494 -0.43983
fb: -0.12997 0.06180 0.43494 -0.43983
target: 0.00000 -0.00016
dist/lin/ang/drive_left/drive_right/tv_l/tv_r/av_l/av_r/x/y/theta/t_err: -0.01236 0.00000 -0.00124 -0.19177 -0.06817 0.41906 -0.47842 0.41906 -0.47842 0 0 90.70843 -0.01236
fb: -0.12225 -0.00376 0.04075 -0.04564
fb: -0.11254 -0.05964 0.04075 -0.04564
target: 0.00000 -0.00025
dist/lin/ang/drive_left/drive_right/tv_l/tv_r/av_l/av_r/x/y/theta/t_err: -0.01932 0.00000 -0.00193 -0.05289 -0.17218 0.27086 -0.32664 0.27086 -0.32664 0 0 91.10710 -0.01932
fb: -0.11055 -0.11002 0.03957 -0.04446
fb: -0.09886 -0.12813 0.03957 -0.04446
final error was -0.47451
position: -0.48859 -1.18055 90.47451
took 0.52000 time to finish turn
increased to 135.00000
target: 0.00000 0.07849
dist/lin/ang/drive_left/drive_right/tv_l/tv_r/av_l/av_r/x/y/theta/t_err: 2.35620 0.00000 0.60000 0.00000 0.00000 -0.00017 0.00000 -0.00017 0.00000 0 0 -0.00017 2.35620
fb: 0.00000 0.00000 -0.43381 0.43949
fb: 0.00000 0.00000 -0.43381 0.43949
target: 0.00000 0.15697
dist/lin/ang/drive_left/drive_right/tv_l/tv_r/av_l/av_r/x/y/theta/t_err: 2.35619 0.00000 1.20000 0.00000 0.00000 -0.05647 0.09378 -0.05647 0.09378 0 0 0.00021 2.35619
fb: 0.00000 0.00070 -0.47541 0.48187
fb: 0.00000 0.01665 -0.47541 0.48187
target: 0.00000 0.23546
dist/lin/ang/drive_left/drive_right/tv_l/tv_r/av_l/av_r/x/y/theta/t_err: 2.35619 0.00000 1.80000 -0.01665 0.01665 -0.35811 0.38706 -0.35811 0.38706 0 0 0.00007 2.35619
fb: 0.00000 0.06285 -0.51700 0.52425
fb: 0.00000 0.11657 -0.51700 0.52425
target: 0.00000 0.31394
dist/lin/ang/drive_left/drive_right/tv_l/tv_r/av_l/av_r/x/y/theta/t_err: 2.35155 0.00000 2.40000 -0.11657 0.11657 -0.43647 0.44025 -0.43647 0.44025 0 0 0.26598 2.35155
fb: 0.00000 0.16708 -0.63203 0.64006
fb: 0.00000 0.21390 -0.60862 0.61665
target: 0.00000 0.39243
dist/lin/ang/drive_left/drive_right/tv_l/tv_r/av_l/av_r/x/y/theta/t_err: 2.33196 0.00000 3.00000 -0.21390 0.21390 -0.44181 0.46578 -0.44181 0.46578 0 0 1.38873 2.33196
fb: 0.00000 0.25515 -0.66884 0.67765
fb: 0.00000 0.29299 -0.64992 0.65874
target: 0.00000 0.47092
dist/lin/ang/drive_left/drive_right/tv_l/tv_r/av_l/av_r/x/y/theta/t_err: 2.29783 0.00000 3.60000 -0.29299 0.29299 -0.47772 0.47775 -0.47772 0.47775 0 0 3.34416 2.29783
fb: 0.00000 0.33131 -0.71160 0.72120
fb: 0.00000 0.36984 -0.69233 0.70194
target: 0.00000 0.54940
dist/lin/ang/drive_left/drive_right/tv_l/tv_r/av_l/av_r/x/y/theta/t_err: 2.25174 0.00000 4.20000 -0.36984 0.36984 -0.45397 0.48678 -0.45397 0.48678 0 0 5.98503 2.25174
fb: 0.00000 0.40691 -0.75464 0.76503
fb: 0.00000 0.43882 -0.73869 0.74907
target: 0.00000 0.62789
dist/lin/ang/drive_left/drive_right/tv_l/tv_r/av_l/av_r/x/y/theta/t_err: 2.19398 0.00000 4.80000 -0.43882 0.43882 -0.48767 0.45206 -0.48767 0.45206 0 0 9.29432 2.19398
fb: 0.00000 0.46961 -0.80413 0.81530
fb: 0.00000 0.50048 -0.78869 0.79987
target: 0.00000 0.70637
dist/lin/ang/drive_left/drive_right/tv_l/tv_r/av_l/av_r/x/y/theta/t_err: 2.12592 0.00000 5.40000 -0.50048 0.50048 -0.51708 0.47311 -0.51708 0.47311 0 0 13.19378 2.12592
fb: 0.00000 0.53016 -0.85469 0.86665
fb: 0.00000 0.55782 -0.84086 0.85282
target: 0.00000 0.78486
dist/lin/ang/drive_left/drive_right/tv_l/tv_r/av_l/av_r/x/y/theta/t_err: 2.04852 0.00000 6.00000 -0.55782 0.55782 -0.52633 0.42981 -0.52633 0.42981 0 0 17.62830 2.04852
fb: 0.00000 0.57838 -0.91143 0.92417
fb: 0.00000 0.60116 -0.90003 0.91278
target: 0.00000 0.86335
dist/lin/ang/drive_left/drive_right/tv_l/tv_r/av_l/av_r/x/y/theta/t_err: 1.96280 0.00000 6.60000 -0.60116 0.60116 -0.54000 0.41631 -0.54000 0.41631 0 0 22.53957 1.96280
fb: 0.00000 0.62172 -0.97060 0.98413
fb: 0.00000 0.64736 -0.95778 0.97130
target: 0.00000 0.94183
dist/lin/ang/drive_left/drive_right/tv_l/tv_r/av_l/av_r/x/y/theta/t_err: 1.87047 0.00000 7.20000 -0.64736 0.64736 -0.61447 0.41150 -0.61447 0.41150 0 0 27.82973 1.87047
fb: -0.00596 0.67007 -1.00000 1.00000
fb: -0.04280 0.68693 -1.00000 1.00000
target: 0.00000 0.98108
dist/lin/ang/drive_left/drive_right/tv_l/tv_r/av_l/av_r/x/y/theta/t_err: 1.77094 0.00000 7.50000 -0.72974 0.64413 -0.50156 0.45036 -0.50156 0.45036 0 0 33.53286 1.77094
fb: -0.07546 0.70763 -0.87231 0.88701
fb: -0.06597 0.72379 -0.86423 0.87893
target: 0.00000 0.98108
dist/lin/ang/drive_left/drive_right/tv_l/tv_r/av_l/av_r/x/y/theta/t_err: 1.66539 0.00000 7.50000 -0.78976 0.65782 -0.63069 0.61275 -0.63069 0.61275 0 0 39.57993 1.66539
fb: -0.07568 0.74741 -0.67582 0.69053
fb: -0.07943 0.77131 -0.66387 0.67858
target: 0.00000 0.98108
dist/lin/ang/drive_left/drive_right/tv_l/tv_r/av_l/av_r/x/y/theta/t_err: 1.55406 0.00000 7.50000 -0.85074 0.69188 -0.63806 0.50564 -0.63806 0.50564 0 0 45.95893 1.55406
fb: -0.08538 0.79479 -0.65213 0.66684
fb: -0.11428 0.81172 -0.64367 0.65837
target: 0.00000 0.98108
dist/lin/ang/drive_left/drive_right/tv_l/tv_r/av_l/av_r/x/y/theta/t_err: 1.43555 0.00000 7.50000 -0.92601 0.69744 -0.61939 0.56722 -0.61939 0.56722 0 0 52.74893 1.43555
fb: -0.11450 0.82238 -0.63834 0.65304
fb: -0.11649 0.84342 -0.62782 0.64252
target: 0.00000 0.98108
dist/lin/ang/drive_left/drive_right/tv_l/tv_r/av_l/av_r/x/y/theta/t_err: 1.31140 0.00000 7.50000 -0.95991 0.72694 -0.62883 0.61550 -0.62883 0.61550 0 0 59.86221 1.31140
fb: -0.12597 0.86447 -0.61730 0.63200
fb: -0.12200 0.88453 -0.60726 0.62197
target: 0.00000 0.98108
dist/lin/ang/drive_left/drive_right/tv_l/tv_r/av_l/av_r/x/y/theta/t_err: 1.18196 0.00000 7.50000 -1.00654 0.76253 -0.61103 0.60708 -0.61103 0.60708 0 0 67.27851 1.18196
fb: -0.12024 0.90509 -0.59699 0.61169
fb: -0.12619 0.92118 -0.58894 0.60364
target: 0.00000 0.98108
dist/lin/ang/drive_left/drive_right/tv_l/tv_r/av_l/av_r/x/y/theta/t_err: 1.04619 0.00000 7.50000 -1.04737 0.79499 -0.59169 0.59531 -0.59169 0.59531 0 0 75.05786 1.04619
fb: -0.12994 0.93324 -0.58291 0.59762
fb: -0.14340 0.94132 -0.57887 0.59358
target: 0.00000 0.98108
dist/lin/ang/drive_left/drive_right/tv_l/tv_r/av_l/av_r/x/y/theta/t_err: 0.90514 0.00000 7.50000 -1.08472 0.79792 -0.57597 0.58317 -0.57597 0.58317 0 0 83.13919 0.90514
fb: -0.16083 0.94996 -0.57455 0.58926
fb: -0.17649 0.95964 -0.56971 0.58441
target: 0.00000 0.98108
dist/lin/ang/drive_left/drive_right/tv_l/tv_r/av_l/av_r/x/y/theta/t_err: 0.76102 0.00000 7.50000 -1.13613 0.78316 -0.56619 0.57167 -0.56619 0.57167 0 0 91.39661 0.76102
fb: -0.18024 0.96759 -0.46661 0.67957
fb: -0.16678 0.97442 -0.56232 0.57703
target: 0.00000 0.70759
dist/lin/ang/drive_left/drive_right/tv_l/tv_r/av_l/av_r/x/y/theta/t_err: 0.61413 0.00000 5.40932 -1.14120 0.80763 -0.54414 0.57269 -0.54414 0.57269 0 0 99.81278 0.61413
fb: -0.16104 0.98166 1.00000 -1.00000
fb: -0.15509 0.98800 1.00000 -1.00000
target: 0.00000 0.58844
dist/lin/ang/drive_left/drive_right/tv_l/tv_r/av_l/av_r/x/y/theta/t_err: 0.46488 0.00000 4.49840 -1.14309 0.83292 -0.45378 0.57767 -0.45378 0.57767 0 0 108.36427 0.46488
fb: -0.15509 0.99114 0.46471 -0.46372
fb: -0.17649 0.97574 0.45701 -0.45602
target: 0.00000 0.44595
dist/lin/ang/drive_left/drive_right/tv_l/tv_r/av_l/av_r/x/y/theta/t_err: 0.31365 0.00000 3.40917 -1.15222 0.79925 0.05578 -0.04447 0.05578 -0.04447 0 0 117.02932 0.31365
fb: -0.18995 0.92355 0.78711 -0.57860
fb: -0.19767 0.84977 0.75446 -0.53746
target: 0.00000 0.26853
dist/lin/ang/drive_left/drive_right/tv_l/tv_r/av_l/av_r/x/y/theta/t_err: 0.16679 0.00000 2.05281 -1.04744 0.65209 0.25511 -0.32903 0.25511 -0.32903 0 0 125.44378 0.16679
fb: -0.21136 0.79284 1.00000 -0.84324
fb: -0.21908 0.72588 1.00000 -0.80551
target: 0.00000 0.00050
dist/lin/ang/drive_left/drive_right/tv_l/tv_r/av_l/av_r/x/y/theta/t_err: 0.03851 0.00000 0.00385 -0.94496 0.50680 0.34669 -0.37592 0.34669 -0.37592 0 0 132.79375 0.03851
fb: -0.23475 0.65572 1.00000 -1.00000
fb: -0.21931 0.57838 1.00000 -1.00000
target: 0.00000 -0.07798
dist/lin/ang/drive_left/drive_right/tv_l/tv_r/av_l/av_r/x/y/theta/t_err: -0.06998 0.00000 -0.59615 -0.79769 0.35907 0.64561 -0.31842 0.64561 -0.31842 0 0 139.00931 -0.06998
fb: -0.16879 0.50996 0.72751 -0.73318
fb: -0.12974 0.44558 0.69532 -0.70099
target: 0.00000 -0.15647
dist/lin/ang/drive_left/drive_right/tv_l/tv_r/av_l/av_r/x/y/theta/t_err: -0.15605 0.00000 -1.19615 -0.57532 0.31584 0.62606 -0.48044 0.62606 -0.48044 0 0 143.94081 -0.15605
fb: -0.10657 0.37270 0.73972 -0.74618
fb: -0.11650 0.27599 0.69137 -0.69782
target: 0.00000 -0.23495
dist/lin/ang/drive_left/drive_right/tv_l/tv_r/av_l/av_r/x/y/theta/t_err: -0.22152 0.00000 -1.79615 -0.39249 0.15948 0.45344 -0.38653 0.45344 -0.38653 0 0 147.69199 -0.22152
fb: -0.13769 0.17551 0.72197 -0.72921
fb: -0.13968 0.10242 0.68542 -0.69267
target: 0.00000 -0.31344
dist/lin/ang/drive_left/drive_right/tv_l/tv_r/av_l/av_r/x/y/theta/t_err: -0.26003 0.00000 -2.39615 -0.24210 -0.03725 0.43531 -0.33211 0.43531 -0.33211 0 0 149.89879 -0.26003
fb: -0.15314 0.05065 0.74038 -0.74841
fb: -0.15887 0.00892 0.71951 -0.72754
target: 0.00000 -0.39193
dist/lin/ang/drive_left/drive_right/tv_l/tv_r/av_l/av_r/x/y/theta/t_err: -0.27398 0.00000 -2.99615 -0.16779 -0.14996 0.42914 -0.29514 0.42914 -0.29514 0 0 150.69771 -0.27398
fb: -0.12026 -0.03972 0.77604 -0.78485
fb: -0.06995 -0.09072 0.75054 -0.75935
target: 0.00000 -0.40240
dist/lin/ang/drive_left/drive_right/tv_l/tv_r/av_l/av_r/x/y/theta/t_err: -0.27334 0.00000 -3.07624 0.02077 -0.16067 0.42264 -0.44472 0.42264 -0.44472 0 0 150.66121 -0.27334
fb: -0.03884 -0.13371 0.43379 -0.44270
fb: -0.03288 -0.17649 0.41240 -0.42131
target: 0.00000 -0.38497
dist/lin/ang/drive_left/drive_right/tv_l/tv_r/av_l/av_r/x/y/theta/t_err: -0.25798 0.00000 -2.94294 0.14361 -0.20937 0.40914 -0.35317 0.40914 -0.35317 0 0 149.78110 -0.25798
fb: -0.05230 -0.21579 0.24918 -0.25793
fb: -0.08738 -0.24470 0.23472 -0.24347
target: 0.00000 -0.35122
dist/lin/ang/drive_left/drive_right/tv_l/tv_r/av_l/av_r/x/y/theta/t_err: -0.22951 0.00000 -2.68493 0.15732 -0.33208 0.33267 -0.35658 0.33267 -0.35658 0 0 148.14984 -0.22951
fb: -0.09907 -0.26923 0.11429 -0.12269
fb: -0.08517 -0.28281 0.10749 -0.11590
target: 0.00000 -0.30216
dist/lin/ang/drive_left/drive_right/tv_l/tv_r/av_l/av_r/x/y/theta/t_err: -0.19109 0.00000 -2.30993 0.19764 -0.36799 0.21117 -0.24008 0.21117 -0.24008 0 0 145.94889 -0.19109
fb: -0.07370 -0.28400 -0.09054 0.09241
fb: -0.05428 -0.27703 -0.08706 0.08893
target: 0.00000 -0.24066
dist/lin/ang/drive_left/drive_right/tv_l/tv_r/av_l/av_r/x/y/theta/t_err: -0.14790 0.00000 -1.83975 0.22275 -0.33131 0.07067 -0.08386 0.07067 -0.08386 0 0 143.47394 -0.14790
fb: -0.04457 -0.26560 -0.18825 0.19073
fb: -0.04479 -0.25418 -0.18825 0.19073
target: 0.00000 -0.17159
dist/lin/ang/drive_left/drive_right/tv_l/tv_r/av_l/av_r/x/y/theta/t_err: -0.10598 0.00000 -1.31174 0.20938 -0.29897 -0.08864 0.08761 -0.08864 0.08761 0 0 141.07210 -0.10598
fb: -0.04060 -0.23704 -0.25889 0.26206
fb: -0.03861 -0.20060 -0.25889 0.26206
target: 0.00000 -0.09524
dist/lin/ang/drive_left/drive_right/tv_l/tv_r/av_l/av_r/x/y/theta/t_err: -0.06775 0.00000 -0.72808 0.16198 -0.23921 -0.17900 0.18531 -0.17900 0.18531 0 0 138.88177 -0.06775
fb: -0.03685 -0.14500 -0.33211 0.33606
fb: -0.03685 -0.08744 -0.33211 0.33606
target: 0.00000 -0.00052
dist/lin/ang/drive_left/drive_right/tv_l/tv_r/av_l/av_r/x/y/theta/t_err: -0.03940 0.00000 -0.00394 0.05059 -0.12429 -0.24419 0.24967 -0.24419 0.24967 0 0 137.25737 -0.03940
fb: -0.03486 -0.02996 -0.46501 0.46990
fb: -0.03508 0.03275 -0.46501 0.46990
target: 0.00000 -0.00037
dist/lin/ang/drive_left/drive_right/tv_l/tv_r/av_l/av_r/x/y/theta/t_err: -0.02815 0.00000 -0.00281 -0.06783 -0.00234 -0.32683 0.32561 -0.32683 0.32561 0 0 136.61285 -0.02815
fb: -0.02913 0.08215 -0.03949 0.04438
fb: -0.02714 0.12611 -0.03949 0.04438
target: 0.00000 -0.00046
dist/lin/ang/drive_left/drive_right/tv_l/tv_r/av_l/av_r/x/y/theta/t_err: -0.03489 0.00000 -0.00349 -0.15325 0.09897 -0.28781 0.32869 -0.28781 0.32869 0 0 136.99892 -0.03489
fb: -0.02913 0.16513 0.03966 -0.04456
fb: -0.01743 0.17356 0.03966 -0.04456
target: 0.00000 -0.06689
dist/lin/ang/drive_left/drive_right/tv_l/tv_r/av_l/av_r/x/y/theta/t_err: -0.05572 0.00000 -0.51133 -0.19099 0.15613 -0.02961 0.03728 -0.02961 0.03728 0 0 138.19261 -0.05572
fb: -0.01169 0.16555 0.37341 -0.37897
fb: -0.01545 0.15482 0.37341 -0.37897
target: 0.00000 -0.12527
dist/lin/ang/drive_left/drive_right/tv_l/tv_r/av_l/av_r/x/y/theta/t_err: -0.08177 0.00000 -0.95762 -0.17027 0.13937 0.12558 -0.11806 0.12558 -0.11806 0 0 139.68495 -0.08177
fb: -0.01942 0.14311 0.50231 -0.50846
fb: -0.02714 0.11078 0.36812 -0.37427
target: 0.00000 -0.16988
dist/lin/ang/drive_left/drive_right/tv_l/tv_r/av_l/av_r/x/y/theta/t_err: -0.10503 0.00000 -1.29871 -0.13793 0.08364 0.34067 -0.35456 0.34067 -0.35456 0 0 141.01786 -0.10503
fb: -0.02317 0.05379 0.32984 -0.33644
fb: -0.01169 -0.00815 0.32984 -0.33644
target: 0.00000 -0.19517
dist/lin/ang/drive_left/drive_right/tv_l/tv_r/av_l/av_r/x/y/theta/t_err: -0.11951 0.00000 -1.49204 -0.00354 -0.01985 0.33931 -0.33161 0.33931 -0.33161 0 0 141.84737 -0.11951
fb: -0.00397 -0.06076 0.25627 -0.26312
fb: -0.00772 -0.10709 0.25627 -0.26312
target: 0.00000 -0.18992
dist/lin/ang/drive_left/drive_right/tv_l/tv_r/av_l/av_r/x/y/theta/t_err: -0.11643 0.00000 -1.45189 0.09937 -0.11481 0.29378 -0.29533 0.29378 -0.29533 0 0 141.67069 -0.11643
fb: -0.01942 -0.13475 0.11605 -0.12284
fb: -0.01545 -0.15029 0.11605 -0.12284
target: 0.00000 -0.15917
dist/lin/ang/drive_left/drive_right/tv_l/tv_r/av_l/av_r/x/y/theta/t_err: -0.09918 0.00000 -1.21677 0.13484 -0.16574 0.21714 -0.20894 0.21714 -0.20894 0 0 140.68245 -0.09918
fb: -0.01147 -0.16102 -0.09307 0.09637
fb: -0.00772 -0.16088 -0.09307 0.09637
target: 0.00000 -0.11279
dist/lin/ang/drive_left/drive_right/tv_l/tv_r/av_l/av_r/x/y/theta/t_err: -0.07578 0.00000 -0.86221 0.15316 -0.16860 0.07083 -0.05167 0.07083 -0.05167 0 0 139.34193 -0.07578
fb: -0.00794 -0.15266 -0.18796 0.19172
fb: -0.01169 -0.14353 -0.18796 0.19172
target: 0.00000 -0.00067
dist/lin/ang/drive_left/drive_right/tv_l/tv_r/av_l/av_r/x/y/theta/t_err: -0.05154 0.00000 -0.00515 0.13184 -0.15523 -0.09428 0.10797 -0.09428 0.10797 0 0 137.95320 -0.05154
fb: -0.01147 -0.13364 -0.54317 0.54805
fb: -0.00772 -0.11176 -0.54317 0.54805
target: 0.00000 -0.00039
dist/lin/ang/drive_left/drive_right/tv_l/tv_r/av_l/av_r/x/y/theta/t_err: -0.02991 0.00000 -0.00299 0.10404 -0.11948 -0.23439 0.24933 -0.23439 0.24933 0 0 136.71376 -0.02991
fb: -0.00397 -0.07218 -0.04009 0.04498
fb: -0.00397 -0.01491 -0.04009 0.04498
target: 0.00000 -0.00019
dist/lin/ang/drive_left/drive_right/tv_l/tv_r/av_l/av_r/x/y/theta/t_err: -0.01449 0.00000 -0.00145 0.01094 -0.01888 -0.35950 0.31261 -0.35950 0.31261 0 0 135.83016 -0.01449
fb: 0.00000 0.04829 -0.03983 0.04472
fb: 0.00000 0.07469 -0.03983 0.04472
target: 0.00000 -0.00019
dist/lin/ang/drive_left/drive_right/tv_l/tv_r/av_l/av_r/x/y/theta/t_err: -0.01474 0.00000 -0.00147 -0.07469 0.07469 -0.06539 0.05939 -0.06539 0.05939 0 0 135.84480 -0.01474
fb: 0.00000 0.07678 0.03914 -0.04404
fb: 0.00199 0.07128 0.03914 -0.04404
final error was -1.49113
position: 0.94281 -1.94395 136.49113
took 1.06000 time to finish turn
target: 0.00000 0.07849
dist/lin/ang/drive_left/drive_right/tv_l/tv_r/av_l/av_r/x/y/theta/t_err: 2.35620 0.00000 0.60000 0.00000 0.00000 -0.00017 -0.00033 -0.00017 -0.00033 0 0 -0.00007 2.35620
fb: 0.00000 0.00000 -0.43381 0.43949
fb: 0.00000 0.00000 -0.43381 0.43949
target: 0.00000 0.15697
dist/lin/ang/drive_left/drive_right/tv_l/tv_r/av_l/av_r/x/y/theta/t_err: 2.35619 0.00000 1.20000 0.00000 0.00000 -0.05647 0.03508 -0.05647 0.03508 0 0 0.00003 2.35619
fb: 0.00000 0.00063 -0.47541 0.48187
fb: 0.00000 0.01756 -0.47541 0.48187
target: 0.00000 0.23546
dist/lin/ang/drive_left/drive_right/tv_l/tv_r/av_l/av_r/x/y/theta/t_err: 2.35615 0.00000 1.80000 -0.01756 0.01756 -0.36258 0.35522 -0.36258 0.35522 0 0 0.00241 2.35615
fb: 0.00000 0.05595 -0.51700 0.52425
fb: 0.00000 0.10779 -0.51700 0.52425
target: 0.00000 0.31394
dist/lin/ang/drive_left/drive_right/tv_l/tv_r/av_l/av_r/x/y/theta/t_err: 2.35186 0.00000 2.40000 -0.10779 0.10779 -0.42553 0.43289 -0.42553 0.43289 0 0 0.24846 2.35186
fb: 0.00000 0.15224 -0.63945 0.64748
fb: 0.00000 0.19516 -0.61799 0.62602
target: 0.00000 0.39243
dist/lin/ang/drive_left/drive_right/tv_l/tv_r/av_l/av_r/x/y/theta/t_err: 2.33393 0.00000 3.00000 -0.19516 0.19516 -0.45483 0.46556 -0.45483 0.46556 0 0 1.27570 2.33393
fb: 0.00000 0.23529 -0.67877 0.68758
fb: 0.00000 0.27849 -0.65717 0.66598
target: 0.00000 0.47092
dist/lin/ang/drive_left/drive_right/tv_l/tv_r/av_l/av_r/x/y/theta/t_err: 2.30271 0.00000 3.60000 -0.27849 0.27849 -0.47344 0.45922 -0.47344 0.45922 0 0 3.06466 2.30271
fb: 0.00000 0.32288 -0.71581 0.72542
fb: 0.00000 0.36461 -0.69495 0.70455
target: 0.00000 0.54940
dist/lin/ang/drive_left/drive_right/tv_l/tv_r/av_l/av_r/x/y/theta/t_err: 2.25852 0.00000 4.20000 -0.36461 0.36461 -0.49775 0.44386 -0.49775 0.44386 0 0 5.59646 2.25852
fb: 0.00000 0.39827 -0.75896 0.76935
fb: 0.00000 0.42788 -0.74415 0.75454
target: 0.00000 0.62789
dist/lin/ang/drive_left/drive_right/tv_l/tv_r/av_l/av_r/x/y/theta/t_err: 2.20177 0.00000 4.80000 -0.42788 0.42788 -0.53128 0.50133 -0.53128 0.50133 0 0 8.84783 2.20177
fb: 0.00000 0.45958 -0.80914 0.82032
fb: 0.00000 0.49714 -0.79037 0.80154
target: 0.00000 0.70637
dist/lin/ang/drive_left/drive_right/tv_l/tv_r/av_l/av_r/x/y/theta/t_err: 2.13534 0.00000 5.40000 -0.49714 0.49714 -0.58397 0.47431 -0.58397 0.47431 0 0 12.65418 2.13534
fb: -0.00375 0.53163 -0.85396 0.86592
fb: -0.00375 0.55887 -0.84034 0.85230
target: 0.00000 0.78486
dist/lin/ang/drive_left/drive_right/tv_l/tv_r/av_l/av_r/x/y/theta/t_err: 2.05824 0.00000 6.00000 -0.56262 0.55512 -0.59544 0.49433 -0.59544 0.49433 0 0 17.07181 2.05824
fb: -0.00772 0.59043 -0.90540 0.91814
fb: -0.01169 0.61684 -0.89220 0.90494
target: 0.00000 0.86335
dist/lin/ang/drive_left/drive_right/tv_l/tv_r/av_l/av_r/x/y/theta/t_err: 1.97180 0.00000 6.60000 -0.62853 0.60515 -0.61481 0.49294 -0.61481 0.49294 0 0 22.02410 1.97180
fb: -0.00397 0.63830 -0.96231 0.97583
fb: 0.00000 0.66039 -0.95126 0.96479
target: 0.00000 0.94183
dist/lin/ang/drive_left/drive_right/tv_l/tv_r/av_l/av_r/x/y/theta/t_err: 1.87703 0.00000 7.20000 -0.66039 0.66039 -0.60897 0.57183 -0.60897 0.57183 0 0 27.45391 1.87703
fb: 0.00000 0.68157 -1.00000 1.00000
fb: -0.03111 0.70407 -1.00000 1.00000
target: 0.00000 0.98108
dist/lin/ang/drive_left/drive_right/tv_l/tv_r/av_l/av_r/x/y/theta/t_err: 1.77555 0.00000 7.50000 -0.73518 0.67296 -0.63822 0.56006 -0.63822 0.56006 0 0 33.26847 1.77555
fb: -0.06398 0.73090 -0.86067 0.87538
fb: -0.06200 0.75396 -0.84914 0.86385
target: 0.00000 0.98108
dist/lin/ang/drive_left/drive_right/tv_l/tv_r/av_l/av_r/x/y/theta/t_err: 1.66710 0.00000 7.50000 -0.81596 0.69196 -0.51642 0.72414 -0.51642 0.72414 0 0 39.48219 1.66710
fb: -0.05427 0.77730 -0.66088 0.67558
fb: -0.06001 0.79632 -0.65137 0.66607
target: 0.00000 0.98108
dist/lin/ang/drive_left/drive_right/tv_l/tv_r/av_l/av_r/x/y/theta/t_err: 1.55125 0.00000 7.50000 -0.85633 0.73631 -0.57150 0.54394 -0.57150 0.54394 0 0 46.11994 1.55125
fb: -0.07369 0.81319 -0.64294 0.65764
fb: -0.08340 0.82656 -0.63625 0.65095
target: 0.00000 0.98108
dist/lin/ang/drive_left/drive_right/tv_l/tv_r/av_l/av_r/x/y/theta/t_err: 1.42912 0.00000 7.50000 -0.90996 0.74317 -0.61719 0.53300 -0.61719 0.53300 0 0 53.11743 1.42912
fb: -0.10082 0.84161 -0.62872 0.64343
fb: -0.11649 0.85917 -0.61994 0.63465
target: 0.00000 0.98108
dist/lin/ang/drive_left/drive_right/tv_l/tv_r/av_l/av_r/x/y/theta/t_err: 1.30242 0.00000 7.50000 -0.97566 0.74268 -0.61258 0.60689 -0.61258 0.60689 0 0 60.37706 1.30242
fb: -0.11450 0.87422 -0.61242 0.62712
fb: -0.10656 0.89763 -0.60071 0.61542
target: 0.00000 0.98108
dist/lin/ang/drive_left/drive_right/tv_l/tv_r/av_l/av_r/x/y/theta/t_err: 1.17073 0.00000 7.50000 -1.00419 0.79107 -0.60008 0.60161 -0.60008 0.60161 0 0 67.92200 1.17073
fb: -0.12024 0.91491 -0.59207 0.60678
fb: -0.13568 0.92878 -0.58514 0.59985
target: 0.00000 0.98108
dist/lin/ang/drive_left/drive_right/tv_l/tv_r/av_l/av_r/x/y/theta/t_err: 1.03313 0.00000 7.50000 -1.06446 0.79310 -0.59017 0.59169 -0.59017 0.59169 0 0 75.80594 1.03313
fb: -0.12796 0.94104 -0.57901 0.59371
fb: -0.14163 0.94919 -0.57493 0.58964
target: 0.00000 0.98108
dist/lin/ang/drive_left/drive_right/tv_l/tv_r/av_l/av_r/x/y/theta/t_err: 0.89077 0.00000 7.50000 -1.09083 0.80756 -0.56981 0.57558 -0.56981 0.57558 0 0 83.96250 0.89077
fb: -0.15310 0.95881 -0.57013 0.58483
fb: -0.13965 0.96724 -0.56591 0.58062
target: 0.00000 0.98108
dist/lin/ang/drive_left/drive_right/tv_l/tv_r/av_l/av_r/x/y/theta/t_err: 0.74530 0.00000 7.50000 -1.10688 0.82759 -0.56433 0.56569 -0.56433 0.56569 0 0 92.29733 0.74530
fb: -0.14737 0.97483 -0.56211 0.57682
fb: -0.16082 0.98069 -0.55919 0.57389
target: 0.00000 0.69483
dist/lin/ang/drive_left/drive_right/tv_l/tv_r/av_l/av_r/x/y/theta/t_err: 0.59715 0.00000 5.31173 -1.14151 0.81986 -0.55783 0.56244 -0.55783 0.56244 0 0 100.78581 0.59715
fb: -0.15906 0.98710 1.00000 -1.00000
fb: -0.16678 0.98772 1.00000 -1.00000
target: 0.00000 0.57279
dist/lin/ang/drive_left/drive_right/tv_l/tv_r/av_l/av_r/x/y/theta/t_err: 0.44682 0.00000 4.37878 -1.15450 0.82094 -0.29994 0.36256 -0.29994 0.36256 0 0 109.39898 0.44682
fb: -0.18796 0.98319 0.59320 -0.38562
fb: -0.20362 0.96146 0.59095 -0.36613
target: 0.00000 0.42699
dist/lin/ang/drive_left/drive_right/tv_l/tv_r/av_l/av_r/x/y/theta/t_err: 0.29576 0.00000 3.26422 -1.16508 0.75783 0.18667 -0.11414 0.18667 -0.11414 0 0 118.05434 0.29576
fb: -0.20936 0.90871 0.82480 -0.59513
fb: -0.19591 0.83820 0.78215 -0.56728
target: 0.00000 0.24538
dist/lin/ang/drive_left/drive_right/tv_l/tv_r/av_l/av_r/x/y/theta/t_err: 0.15102 0.00000 1.87586 -1.03411 0.64229 0.38139 -0.33983 0.38139 -0.33983 0 0 126.34721 0.15102
fb: -0.17650 0.77159 0.98933 -0.99177
fb: -0.16282 0.70470 0.95588 -0.95832
target: 0.00000 0.00033
dist/lin/ang/drive_left/drive_right/tv_l/tv_r/av_l/av_r/x/y/theta/t_err: 0.02506 0.00000 0.00251 -0.86752 0.54188 0.36019 -0.40725 0.36019 -0.40725 0 0 133.56393 0.02506
fb: -0.14937 0.63997 1.00000 -1.00000
fb: -0.15114 0.56653 1.00000 -1.00000
target: 0.00000 -0.07816
dist/lin/ang/drive_left/drive_right/tv_l/tv_r/av_l/av_r/x/y/theta/t_err: -0.08047 0.00000 -0.59749 -0.71767 0.41540 0.39183 -0.46247 0.39183 -0.46247 0 0 139.61035 -0.08047
fb: -0.15908 0.48069 0.71306 -0.71873
fb: -0.16681 0.38907 0.66725 -0.67292
target: 0.00000 -0.15664
dist/lin/ang/drive_left/drive_right/tv_l/tv_r/av_l/av_r/x/y/theta/t_err: -0.16393 0.00000 -1.19749 -0.55588 0.22226 0.41564 -0.43597 0.41564 -0.43597 0 0 144.39268 -0.16393
fb: -0.18027 0.30866 0.80704 -0.61520
fb: -0.17851 0.23620 0.76983 -0.57993
target: 0.00000 -0.23513
dist/lin/ang/drive_left/drive_right/tv_l/tv_r/av_l/av_r/x/y/theta/t_err: -0.22062 0.00000 -1.79749 -0.41471 0.05769 0.42914 -0.40092 0.42914 -0.40092 0 0 147.64085 -0.22062
fb: -0.17454 0.16792 0.71835 -0.72560
fb: -0.15711 0.09971 0.68425 -0.69149
target: 0.00000 -0.31362
dist/lin/ang/drive_left/drive_right/tv_l/tv_r/av_l/av_r/x/y/theta/t_err: -0.25427 0.00000 -2.39749 -0.25681 -0.05740 0.42556 -0.44353 0.42556 -0.44353 0 0 149.56861 -0.25427
fb: -0.12225 0.03337 0.73192 -0.73995
fb: -0.10856 -0.03553 0.69747 -0.70550
target: 0.00000 -0.39210
dist/lin/ang/drive_left/drive_right/tv_l/tv_r/av_l/av_r/x/y/theta/t_err: -0.26707 0.00000 -2.99749 -0.07303 -0.14410 0.41750 -0.41222 0.41750 -0.41222 0 0 150.30193 -0.26707
fb: -0.11430 -0.10047 0.74584 -0.75465
fb: -0.11629 -0.14945 0.72135 -0.73016
target: 0.00000 -0.38632
dist/lin/ang/drive_left/drive_right/tv_l/tv_r/av_l/av_r/x/y/theta/t_err: -0.25916 0.00000 -2.95332 0.03317 -0.26574 0.43444 -0.34856 0.43444 -0.34856 0 0 149.84874 -0.25916
fb: -0.12798 -0.18262 0.31963 -0.32838
fb: -0.12423 -0.20986 0.30600 -0.31476
target: 0.00000 -0.35805
dist/lin/ang/drive_left/drive_right/tv_l/tv_r/av_l/av_r/x/y/theta/t_err: -0.23514 0.00000 -2.73717 0.08563 -0.33409 0.34442 -0.34253 0.34442 -0.34253 0 0 148.47242 -0.23514
fb: -0.10481 -0.23885 0.16115 -0.16963
fb: -0.09312 -0.24888 0.15614 -0.16461
target: 0.00000 -0.31619
dist/lin/ang/drive_left/drive_right/tv_l/tv_r/av_l/av_r/x/y/theta/t_err: -0.20172 0.00000 -2.41716 0.15576 -0.34200 0.24947 -0.27378 0.24947 -0.27378 0 0 146.55768 -0.20172
fb: -0.07569 -0.25543 0.04861 -0.05666
fb: -0.06774 -0.25752 0.04756 -0.05562
target: 0.00000 -0.26360
dist/lin/ang/drive_left/drive_right/tv_l/tv_r/av_l/av_r/x/y/theta/t_err: -0.16336 0.00000 -2.01511 0.18978 -0.32526 0.13672 -0.15211 0.13672 -0.15211 0 0 144.35998 -0.16336
fb: -0.06002 -0.24986 -0.12911 0.13137
fb: -0.06024 -0.23843 -0.12340 0.12566
target: 0.00000 -0.20316
dist/lin/ang/drive_left/drive_right/tv_l/tv_r/av_l/av_r/x/y/theta/t_err: -0.12427 0.00000 -1.55309 0.17819 -0.29867 0.01897 -0.03044 0.01897 -0.03044 0 0 142.12040 -0.12427
fb: -0.07569 -0.22749 -0.20331 0.20618
fb: -0.08142 -0.21314 -0.20331 0.20618
target: 0.00000 -0.13801
dist/lin/ang/drive_left/drive_right/tv_l/tv_r/av_l/av_r/x/y/theta/t_err: -0.08812 0.00000 -1.05508 0.13172 -0.29456 -0.12422 0.09928 -0.12422 0.09928 0 0 140.04879 -0.08812
fb: -0.06399 -0.18534 -0.25903 0.26254
fb: -0.04656 -0.13838 -0.25903 0.26254
target: 0.00000 -0.06913
dist/lin/ang/drive_left/drive_right/tv_l/tv_r/av_l/av_r/x/y/theta/t_err: -0.05663 0.00000 -0.52844 0.09182 -0.18493 -0.19575 0.17864 -0.19575 0.17864 0 0 138.24457 -0.05663
fb: -0.03685 -0.08180 -0.31239 0.31659
fb: -0.03486 -0.03135 -0.31239 0.31659
target: 0.00000 -0.00049
dist/lin/ang/drive_left/drive_right/tv_l/tv_r/av_l/av_r/x/y/theta/t_err: -0.03771 0.00000 -0.00377 -0.00351 -0.06622 -0.24947 0.23322 -0.24947 0.23322 0 0 137.16060 -0.03771
fb: -0.03486 0.02467 -0.34761 0.35250
fb: -0.03884 0.06912 -0.34761 0.35250
target: 0.00000 -0.00046
dist/lin/ang/drive_left/drive_right/tv_l/tv_r/av_l/av_r/x/y/theta/t_err: -0.03514 0.00000 -0.00351 -0.10795 0.03028 -0.30014 0.28233 -0.30014 0.28233 0 0 137.01358 -0.03514
fb: -0.03884 0.10521 0.03912 -0.04401
fb: -0.02714 0.13872 0.03912 -0.04401
target: 0.00000 -0.00062
dist/lin/ang/drive_left/drive_right/tv_l/tv_r/av_l/av_r/x/y/theta/t_err: -0.04708 0.00000 -0.00471 -0.16587 0.11158 -0.18531 0.32561 -0.18531 0.32561 0 0 137.69776 -0.04708
fb: -0.01545 0.15844 0.04005 -0.04495
fb: -0.00375 0.15370 0.04005 -0.04495
target: 0.00000 -0.07910
dist/lin/ang/drive_left/drive_right/tv_l/tv_r/av_l/av_r/x/y/theta/t_err: -0.06896 0.00000 -0.60471 -0.15746 0.14995 0.02106 -0.01094 0.02106 -0.01094 0 0 138.95089 -0.06896
fb: -0.00397 0.14221 0.43413 -0.43982
fb: -0.00794 0.13064 0.43413 -0.43982
target: 0.00000 -0.14552
dist/lin/ang/drive_left/drive_right/tv_l/tv_r/av_l/av_r/x/y/theta/t_err: -0.09197 0.00000 -1.11245 -0.13859 0.12270 0.14869 -0.04142 0.14869 -0.04142 0 0 140.26934 -0.09197
fb: -0.01169 0.11225 0.54391 -0.55026
fb: -0.01147 0.06891 0.41503 -0.42138
target: 0.00000 -0.18092
dist/lin/ang/drive_left/drive_right/tv_l/tv_r/av_l/av_r/x/y/theta/t_err: -0.11123 0.00000 -1.38304 -0.08038 0.05744 0.40247 -0.34544 0.40247 -0.34544 0 0 141.37311 -0.11123
fb: -0.00772 0.00780 0.29419 -0.30089
fb: -0.00397 -0.05031 0.29419 -0.30089
target: 0.00000 -0.19477
dist/lin/ang/drive_left/drive_right/tv_l/tv_r/av_l/av_r/x/y/theta/t_err: -0.11927 0.00000 -1.48897 0.04633 -0.05428 0.35811 -0.39936 0.35811 -0.39936 0 0 141.83376 -0.11927
fb: 0.00000 -0.10458 0.20461 -0.21145
fb: 0.00000 -0.14235 0.20461 -0.21145
target: 0.00000 -0.17785
dist/lin/ang/drive_left/drive_right/tv_l/tv_r/av_l/av_r/x/y/theta/t_err: -0.10949 0.00000 -1.35960 0.14235 -0.14235 0.26625 -0.29842 0.26625 -0.29842 0 0 141.27334 -0.10949
fb: -0.00375 -0.16311 0.05713 -0.06380
fb: -0.01169 -0.16980 0.05713 -0.06380
target: 0.00000 -0.13586
dist/lin/ang/drive_left/drive_right/tv_l/tv_r/av_l/av_r/x/y/theta/t_err: -0.08703 0.00000 -1.03862 0.15810 -0.18149 0.17042 -0.21044 0.17042 -0.21044 0 0 139.98639 -0.08703
fb: -0.00794 -0.17294 -0.15596 0.15950
fb: -0.00772 -0.16799 -0.15596 0.15950
target: 0.00000 -0.07949
dist/lin/ang/drive_left/drive_right/tv_l/tv_r/av_l/av_r/x/y/theta/t_err: -0.06092 0.00000 -0.60764 0.16027 -0.17571 0.01933 -0.05422 0.01933 -0.05422 0 0 138.49051 -0.06092
fb: -0.01147 -0.15816 -0.25059 0.25469
fb: -0.00772 -0.14750 -0.25059 0.25469
target: 0.00000 -0.00047
dist/lin/ang/drive_left/drive_right/tv_l/tv_r/av_l/av_r/x/y/theta/t_err: -0.03558 0.00000 -0.00356 0.13978 -0.15523 -0.15278 0.13844 -0.15278 0.13844 0 0 137.03853 -0.03558
fb: -0.01169 -0.12423 -0.39437 0.39925
fb: -0.00772 -0.08298 -0.39437 0.39925
target: 0.00000 -0.00018
dist/lin/ang/drive_left/drive_right/tv_l/tv_r/av_l/av_r/x/y/theta/t_err: -0.01400 0.00000 -0.00140 0.07526 -0.09071 -0.24247 0.23733 -0.24247 0.23733 0 0 135.80188 -0.01400
fb: 0.00000 -0.02871 -0.04020 0.04509
fb: 0.00000 0.02669 -0.04020 0.04509
target: 0.00000 -0.00005
dist/lin/ang/drive_left/drive_right/tv_l/tv_r/av_l/av_r/x/y/theta/t_err: -0.00354 0.00000 -0.00035 -0.02669 0.02669 -0.27769 0.31019 -0.27769 0.31019 0 0 135.20288 -0.00354
fb: 0.00000 0.06968 -0.03961 0.04451
fb: 0.00000 0.08605 -0.03961 0.04451
final error was -0.52360
position: 1.04437 -1.90798 135.52360
took 1.04000 time to finish turn
WARNING - pros.serial.terminal.terminal:stop - Stopping terminal - pros-cli version:3.5.6

[tomas@nixbtw:~/projects/Robotics/current/Cognex]$

