
[tomas@nixbtw:~/projects/Robotics/current/Cognex]$ t
Not sending analytics for this command.

Established terminal connection



         _+=+_
      .-`  .  `-.          8888888b.  8888888b.   .d88888b.   .d8888b.
   _+`     "     `+_       888   Y88b 888   Y88b d88P" "Y88b d88P  Y88b
  \\\sssssssssssss///      888    888 888    888 888     888 Y88b.
     .ss\  *  /ss.         888   d88P 888   d88P 888     888  "Y888b.
 .+bm  .s  *  s.  md+.     8888888P"  8888888P"  888     888     "Y88b.
.hMMMMs .  *  . sMMMMh.    888        888 T88b   888     888       "888
 `\hMMMb \ | / dMMMh:      888        888  T88b  Y88b. .d88P Y88b  d88P
   -SNMNo  -  oNMNs-       888        888   T88b  "Y88888P"   "Y8888P"
     `+dMh\./dMd/
        `:yNy:`                      Powered by PROS for VEX V5
           "                Copyright (c) Purdue University ACM SIGBots
Version:        4.2.1     Platform:  V1.1.5 (b18)     Uptime:    0.000 s
Compiled:   Jan  1 1980 00:00:00     Directory:


bouncing done
health done
auton done
calibrated!
starting task: 2318292
initializing odom model
timed correctly: 2321164
initializing pf model
initializing smoother model
target: 0.000 0.078
dist/lin/ang/drive_left/drive_right/tv_l/tv_r/av_l/av_r/x/y/theta/t_err: 1.57079 0.00000 0.60000 0.00000 0.00000 -0.00017 -0.00017 -0.00017 -0.00017 0 0 0.00041 1.57079
fb: 0.00000 0.00000 -0.43381 0.43870
fb: 0.00000 0.00000 -0.43381 0.43870
target: 0.00000 0.15697
dist/lin/ang/drive_left/drive_right/tv_l/tv_r/av_l/av_r/x/y/theta/t_err: 1.57079 0.00000 1.20000 0.00000 0.00000 -0.10403 0.05544 -0.10403 0.05544 0 0 0.00026 1.57079
fb: 0.00000 0.00000 -0.47541 0.48030
fb: 0.00000 0.00063 -0.47541 0.48030
target: 0.00000 0.23546
dist/lin/ang/drive_left/drive_right/tv_l/tv_r/av_l/av_r/x/y/theta/t_err: 1.57078 0.00000 1.80000 -0.00063 0.00063 -0.38911 0.37061 -0.38911 0.37061 0 0 0.00081 1.57078
fb: 0.00000 0.04815 -0.51700 0.52190
fb: 0.00000 0.10786 -0.51700 0.52190
target: 0.00000 0.31394
dist/lin/ang/drive_left/drive_right/tv_l/tv_r/av_l/av_r/x/y/theta/t_err: 1.56838 0.00000 2.40000 -0.10786 0.10786 -0.43908 0.40758 -0.43908 0.40758 0 0 0.13853 1.56838
fb: 0.00000 0.14527 -0.64294 0.64783
fb: 0.00000 0.18778 -0.62168 0.62658
target: 0.00000 0.39243
dist/lin/ang/drive_left/drive_right/tv_l/tv_r/av_l/av_r/x/y/theta/t_err: 1.55093 0.00000 3.00000 -0.18778 0.18778 -0.45822 0.44250 -0.45822 0.44250 0 0 1.13813 1.55093
fb: 0.00000 0.22345 -0.68469 0.68958
fb: 0.00000 0.26052 -0.66615 0.67105
target: 0.00000 0.47092
dist/lin/ang/drive_left/drive_right/tv_l/tv_r/av_l/av_r/x/y/theta/t_err: 1.52105 0.00000 3.60000 -0.26052 0.26052 -0.46833 0.44522 -0.46833 0.44522 0 0 2.85023 1.52105
fb: 0.00000 0.29724 -0.72864 0.73353
fb: 0.00000 0.33626 -0.70913 0.71402
target: 0.00000 0.54940
dist/lin/ang/drive_left/drive_right/tv_l/tv_r/av_l/av_r/x/y/theta/t_err: 1.47990 0.00000 4.20000 -0.33626 0.33626 -0.48853 0.47006 -0.48853 0.47006 0 0 5.20804 1.47990
fb: 0.00000 0.36970 -0.77324 0.77814
fb: 0.00000 0.40133 -0.75743 0.76232
target: 0.00000 0.62789
dist/lin/ang/drive_left/drive_right/tv_l/tv_r/av_l/av_r/x/y/theta/t_err: 1.42748 0.00000 4.80000 -0.40133 0.40133 -0.52806 0.48339 -0.52806 0.48339 0 0 8.21168 1.42748
fb: 0.00000 0.43220 -0.82284 0.82773
fb: 0.00000 0.46801 -0.80493 0.80982
target: 0.00000 0.70637
dist/lin/ang/drive_left/drive_right/tv_l/tv_r/av_l/av_r/x/y/theta/t_err: 1.36512 0.00000 5.40000 -0.46801 0.46801 -0.57389 0.48425 -0.57389 0.48425 0 0 11.78438 1.36512
fb: 0.00000 0.49930 -0.87013 0.87502
fb: -0.01545 0.52786 -0.85584 0.86074
target: 0.00000 0.78486
dist/lin/ang/drive_left/drive_right/tv_l/tv_r/av_l/av_r/x/y/theta/t_err: 1.29262 0.00000 6.00000 -0.54331 0.51242 -0.54667 0.45017 -0.54667 0.45017 0 0 15.93856 1.29262
fb: -0.04457 0.55448 -0.92338 0.92827
fb: -0.06399 0.57977 -0.91073 0.91562
target: 0.00000 0.78486
dist/lin/ang/drive_left/drive_right/tv_l/tv_r/av_l/av_r/x/y/theta/t_err: 1.21114 0.00000 6.00000 -0.64376 0.51579 -0.54358 0.51436 -0.54358 0.51436 0 0 20.60696 1.21114
fb: -0.06774 0.60695 -0.54396 0.54885
fb: -0.06597 0.63475 -0.53006 0.53495
target: 0.00000 0.78486
dist/lin/ang/drive_left/drive_right/tv_l/tv_r/av_l/av_r/x/y/theta/t_err: 1.12163 0.00000 6.00000 -0.70072 0.56877 -0.51228 0.48631 -0.51228 0.48631 0 0 25.73550 1.12163
fb: -0.06222 0.65753 -0.51866 0.52356
fb: -0.07171 0.67049 -0.51218 0.51708
target: 0.00000 0.78486
dist/lin/ang/drive_left/drive_right/tv_l/tv_r/av_l/av_r/x/y/theta/t_err: 1.02406 0.00000 6.00000 -0.74220 0.59878 -0.51519 0.50733 -0.51519 0.50733 0 0 31.32561 1.02406
fb: -0.08715 0.68108 -0.50689 0.51178
fb: -0.08914 0.69641 -0.49922 0.50412
target: 0.00000 0.78486
dist/lin/ang/drive_left/drive_right/tv_l/tv_r/av_l/av_r/x/y/theta/t_err: 0.92142 0.00000 6.00000 -0.78555 0.60727 -0.49808 0.49519 -0.49808 0.49519 0 0 37.20661 0.92142
fb: -0.09112 0.71257 -0.49114 0.49604
fb: -0.08340 0.72735 -0.48376 0.48865
target: 0.00000 0.77649
dist/lin/ang/drive_left/drive_right/tv_l/tv_r/av_l/av_r/x/y/theta/t_err: 0.81453 0.00000 5.93602 -0.81074 0.64395 -0.48097 0.47961 -0.48097 0.47961 0 0 43.33105 0.81453
fb: -0.07171 0.73912 -0.43158 0.43648
fb: -0.07369 0.74971 -0.42629 0.43118
target: 0.00000 0.64531
dist/lin/ang/drive_left/drive_right/tv_l/tv_r/av_l/av_r/x/y/theta/t_err: 0.70314 0.00000 4.93315 -0.82340 0.67602 -0.46900 0.44986 -0.46900 0.44986 0 0 49.71299 0.70314
fb: -0.07766 0.75535 0.34237 -0.34726
fb: -0.08340 0.76079 0.34508 -0.34998
target: 0.00000 0.51221
dist/lin/ang/drive_left/drive_right/tv_l/tv_r/av_l/av_r/x/y/theta/t_err: 0.58855 0.00000 3.91571 -0.84419 0.67739 -0.35831 0.22569 -0.35831 0.22569 0 0 56.27829 0.58855
fb: -0.09112 0.76302 0.49186 -0.49676
fb: -0.10855 0.75110 0.48591 -0.49080
target: 0.00000 0.37940
dist/lin/ang/drive_left/drive_right/tv_l/tv_r/av_l/av_r/x/y/theta/t_err: 0.47236 0.00000 2.90039 -0.85965 0.64256 0.20961 -0.23442 0.20961 -0.23442 0 0 62.93563 0.47236
fb: -0.12223 0.72316 0.60749 -0.61238
fb: -0.11649 0.66450 0.57815 -0.58305
target: 0.00000 0.25513
dist/lin/ang/drive_left/drive_right/tv_l/tv_r/av_l/av_r/x/y/theta/t_err: 0.35882 0.00000 1.95042 -0.78099 0.54800 0.26400 -0.39472 0.26400 -0.39472 0 0 69.44117 0.35882
fb: -0.11429 0.60353 0.63720 -0.64209
fb: -0.11826 0.54891 0.60989 -0.61478
target: 0.00000 0.16275
dist/lin/ang/drive_left/drive_right/tv_l/tv_r/av_l/av_r/x/y/theta/t_err: 0.25980 0.00000 1.24416 -0.66717 0.43064 0.37181 -0.46250 0.37181 -0.46250 0 0 75.11433 0.25980
fb: -0.11451 0.48425 0.52925 -0.53414
fb: -0.10657 0.40969 0.36850 -0.37339
target: 0.00000 0.09420
dist/lin/ang/drive_left/drive_right/tv_l/tv_r/av_l/av_r/x/y/theta/t_err: 0.17840 0.00000 0.72013 -0.51627 0.30312 0.27531 -0.31758 0.27531 -0.31758 0 0 79.77864 0.17840
fb: -0.10657 0.33333 0.29756 -0.30246
fb: -0.11827 0.25703 0.29756 -0.30246
target: 0.00000 0.05519
dist/lin/ang/drive_left/drive_right/tv_l/tv_r/av_l/av_r/x/y/theta/t_err: 0.11860 0.00000 0.42192 -0.37530 0.13876 0.26797 -0.30150 0.26797 -0.30150 0 0 83.20495 0.11860
fb: -0.13394 0.18729 0.18531 -0.19021
fb: -0.14740 0.12444 0.18531 -0.19021
target: 0.00000 0.04408
dist/lin/ang/drive_left/drive_right/tv_l/tv_r/av_l/av_r/x/y/theta/t_err: 0.08188 0.00000 0.33696 -0.27184 -0.02296 0.27514 -0.27431 0.27514 -0.27431 0 0 85.30876 0.08188
fb: -0.15314 0.07379 0.06567 -0.07056
fb: -0.14365 0.03728 0.06567 -0.07056
target: 0.00000 0.05020
dist/lin/ang/drive_left/drive_right/tv_l/tv_r/av_l/av_r/x/y/theta/t_err: 0.06465 0.00000 0.38373 -0.18093 -0.10637 0.18086 -0.17761 0.18086 -0.17761 0 0 86.29579 0.06465
fb: -0.11055 0.00613 -0.09315 0.09805
fb: -0.07171 -0.02069 -0.09315 0.09805
target: 0.00000 0.06164
dist/lin/ang/drive_left/drive_right/tv_l/tv_r/av_l/av_r/x/y/theta/t_err: 0.06009 0.00000 0.47122 -0.05102 -0.09241 0.04981 -0.08178 0.04981 -0.08178 0 0 86.55693 0.06009
fb: -0.06024 -0.03728 -0.12320 0.12809
fb: -0.07370 -0.04125 -0.12320 0.12809
target: 0.00000 0.07649
dist/lin/ang/drive_left/drive_right/tv_l/tv_r/av_l/av_r/x/y/theta/t_err: 0.06375 0.00000 0.58476 -0.03245 -0.11495 -0.08419 0.07339 -0.08419 0.07339 0 0 86.34759 0.06375
fb: -0.09113 -0.03985 -0.14639 0.15129
fb: -0.08915 -0.03602 -0.14639 0.15129
target: 0.00000 0.08686
dist/lin/ang/drive_left/drive_right/tv_l/tv_r/av_l/av_r/x/y/theta/t_err: 0.06997 0.00000 0.66405 -0.05312 -0.12517 -0.11908 0.11136 -0.11908 0.11136 0 0 85.99079 0.06997
fb: -0.06399 -0.02202 -0.13174 0.13663
fb: -0.02714 -0.00146 -0.13174 0.13663
target: 0.00000 0.09061
dist/lin/ang/drive_left/drive_right/tv_l/tv_r/av_l/av_r/x/y/theta/t_err: 0.07486 0.00000 0.69271 -0.02568 -0.02860 -0.13911 0.13944 -0.13911 0.13944 0 0 85.71067 0.07486
fb: -0.00375 0.02048 -0.10392 0.10881
fb: -0.00397 0.04208 -0.10392 0.10881
target: 0.00000 0.08260
dist/lin/ang/drive_left/drive_right/tv_l/tv_r/av_l/av_r/x/y/theta/t_err: 0.07420 0.00000 0.63145 -0.04606 0.03811 -0.12386 0.12217 -0.12386 0.12217 0 0 85.74877 0.07420
fb: -0.01169 0.05915 -0.04674 0.05164
fb: -0.01942 0.06327 -0.04674 0.05164
target: 0.00000 0.06624
dist/lin/ang/drive_left/drive_right/tv_l/tv_r/av_l/av_r/x/y/theta/t_err: 0.06712 0.00000 0.50636 -0.08268 0.04385 -0.09992 0.09806 -0.09992 0.09806 0 0 86.15458 0.06712
fb: -0.01942 0.06299 0.07755 -0.08245
fb: -0.01942 0.06034 0.07755 -0.08245
target: 0.00000 0.05213
dist/lin/ang/drive_left/drive_right/tv_l/tv_r/av_l/av_r/x/y/theta/t_err: 0.05751 0.00000 0.39850 -0.07976 0.04092 -0.04808 0.05217 -0.04808 0.05217 0 0 86.70502 0.05751
fb: -0.01545 0.05560 0.07489 -0.07978
fb: -0.01147 0.05010 0.07489 -0.07978
target: 0.00000 0.04274
dist/lin/ang/drive_left/drive_right/tv_l/tv_r/av_l/av_r/x/y/theta/t_err: 0.04848 0.00000 0.32672 -0.06157 0.03862 0.06178 -0.06808 0.06178 -0.06808 0 0 87.22206 0.04848
fb: -0.01169 0.04348 0.05862 -0.06352
fb: -0.00794 0.03714 0.05862 -0.06352
target: 0.00000 0.03661
dist/lin/ang/drive_left/drive_right/tv_l/tv_r/av_l/av_r/x/y/theta/t_err: 0.04111 0.00000 0.27987 -0.04508 0.02919 0.07133 -0.07239 0.07133 -0.07239 0 0 87.64437 0.04111
fb: -0.01169 0.03038 0.04720 -0.05209
fb: -0.01545 0.02202 0.04720 -0.05209
target: 0.00000 0.03312
dist/lin/ang/drive_left/drive_right/tv_l/tv_r/av_l/av_r/x/y/theta/t_err: 0.03572 0.00000 0.25317 -0.03746 0.00657 0.05339 -0.06486 0.05339 -0.06486 0 0 87.95365 0.03572
fb: -0.02317 0.00906 -0.04086 0.04575
fb: -0.02317 -0.00348 -0.04086 0.04575
target: 0.00000 0.03336
dist/lin/ang/drive_left/drive_right/tv_l/tv_r/av_l/av_r/x/y/theta/t_err: 0.03291 0.00000 0.25506 -0.01969 -0.02665 0.03269 -0.05047 0.03269 -0.05047 0 0 88.11413 0.03291
fb: -0.01545 -0.01407 -0.05781 0.06271
fb: -0.01567 -0.02035 -0.05781 0.06271
final error was 1.93779
position: -0.48674 -1.20642 88.06221
took 0.72000 time to finish turn
increased kp to 8.70000
increased kp to 8.80000
increased kp to 8.90000
increased kp to 9.00000
target: 0.00000 0.07849
dist/lin/ang/drive_left/drive_right/tv_l/tv_r/av_l/av_r/x/y/theta/t_err: 1.57079 0.00000 0.60000 0.00000 0.00000 0.00017 0.00000 0.00017 0.00000 0 0 0.00009 1.57079
fb: 0.00000 0.00000 -0.43381 0.43870
fb: 0.00000 0.00000 -0.43381 0.43870
target: 0.00000 0.15697
dist/lin/ang/drive_left/drive_right/tv_l/tv_r/av_l/av_r/x/y/theta/t_err: 1.57079 0.00000 1.20000 0.00000 0.00000 -0.06983 0.00000 -0.06983 0.00000 0 0 0.00023 1.57079
fb: 0.00000 0.00000 -0.47541 0.48030
fb: 0.00000 0.01184 -0.47541 0.48030
target: 0.00000 0.23546
dist/lin/ang/drive_left/drive_right/tv_l/tv_r/av_l/av_r/x/y/theta/t_err: 1.57083 0.00000 1.80000 -0.01184 0.01184 -0.36925 0.33964 -0.36925 0.33964 0 0 -0.00165 1.57083
fb: 0.00000 0.05470 -0.51700 0.52190
fb: 0.00000 0.10702 -0.51700 0.52190
target: 0.00000 0.31394
dist/lin/ang/drive_left/drive_right/tv_l/tv_r/av_l/av_r/x/y/theta/t_err: 1.56709 0.00000 2.40000 -0.10702 0.10702 -0.43856 0.43806 -0.43856 0.43806 0 0 0.21264 1.56709
fb: 0.00000 0.15308 -0.63903 0.64393
fb: 0.00000 0.20478 -0.61318 0.61808
target: 0.00000 0.39243
dist/lin/ang/drive_left/drive_right/tv_l/tv_r/av_l/av_r/x/y/theta/t_err: 1.54921 0.00000 3.00000 -0.20478 0.20478 -0.45703 0.46850 -0.45703 0.46850 0 0 1.23691 1.54921
fb: 0.00000 0.24603 -0.67340 0.67829
fb: 0.00000 0.28330 -0.65476 0.65966
target: 0.00000 0.47092
dist/lin/ang/drive_left/drive_right/tv_l/tv_r/av_l/av_r/x/y/theta/t_err: 1.51657 0.00000 3.60000 -0.28330 0.28330 -0.48097 0.50236 -0.48097 0.50236 0 0 3.10721 1.51657
fb: 0.00000 0.32065 -0.71693 0.72182
fb: 0.00000 0.36197 -0.69627 0.70116
target: 0.00000 0.54940
dist/lin/ang/drive_left/drive_right/tv_l/tv_r/av_l/av_r/x/y/theta/t_err: 1.47191 0.00000 4.20000 -0.36197 0.36197 -0.52342 0.50650 -0.52342 0.50650 0 0 5.66571 1.47191
fb: 0.00000 0.40377 -0.75621 0.76110
fb: -0.00949 0.43680 -0.73970 0.74459
target: 0.00000 0.62789
dist/lin/ang/drive_left/drive_right/tv_l/tv_r/av_l/av_r/x/y/theta/t_err: 1.41507 0.00000 4.80000 -0.44629 0.42731 -0.48700 0.53817 -0.48700 0.53817 0 0 8.92231 1.41507
fb: -0.02714 0.46397 -0.80695 0.81184
fb: -0.03508 0.49769 -0.79009 0.79498
target: 0.00000 0.70637
dist/lin/ang/drive_left/drive_right/tv_l/tv_r/av_l/av_r/x/y/theta/t_err: 1.34751 0.00000 5.40000 -0.53278 0.46261 -0.49519 0.57492 -0.49519 0.57492 0 0 12.79321 1.34751
fb: -0.02890 0.53190 -0.85382 0.85872
fb: -0.02714 0.56193 -0.83881 0.84370
target: 0.00000 0.78486
dist/lin/ang/drive_left/drive_right/tv_l/tv_r/av_l/av_r/x/y/theta/t_err: 1.27037 0.00000 6.00000 -0.58907 0.53480 -0.48869 0.52119 -0.48869 0.52119 0 0 17.21288 1.27037
fb: -0.02537 0.59085 -0.90519 0.91008
fb: -0.03486 0.61099 -0.89512 0.90002
target: 0.00000 0.78486
dist/lin/ang/drive_left/drive_right/tv_l/tv_r/av_l/av_r/x/y/theta/t_err: 1.18362 0.00000 6.00000 -0.64585 0.57613 -0.50594 0.54617 -0.50594 0.54617 0 0 22.18352 1.18362
fb: -0.06399 0.62513 -0.53486 0.53976
fb: -0.06972 0.64659 -0.52413 0.52903
target: 0.00000 0.78486
dist/lin/ang/drive_left/drive_right/tv_l/tv_r/av_l/av_r/x/y/theta/t_err: 1.09001 0.00000 6.00000 -0.71631 0.57687 -0.51967 0.49997 -0.51967 0.49997 0 0 27.54707 1.09001
fb: -0.06001 0.67091 -0.51197 0.51687
fb: -0.05626 0.69056 -0.50215 0.50704
target: 0.00000 0.78486
dist/lin/ang/drive_left/drive_right/tv_l/tv_r/av_l/av_r/x/y/theta/t_err: 0.99045 0.00000 6.00000 -0.74682 0.63429 -0.50600 0.47178 -0.50600 0.47178 0 0 33.25132 0.99045
fb: -0.05053 0.70498 -0.49494 0.49983
fb: -0.04655 0.71585 -0.48950 0.49440
target: 0.00000 0.78486
dist/lin/ang/drive_left/drive_right/tv_l/tv_r/av_l/av_r/x/y/theta/t_err: 0.88464 0.00000 6.00000 -0.76240 0.66930 -0.49075 0.48167 -0.49075 0.48167 0 0 39.31363 0.88464
fb: -0.04457 0.72484 -0.48501 0.48990
fb: -0.04854 0.73452 -0.48017 0.48506
target: 0.00000 0.72879
dist/lin/ang/drive_left/drive_right/tv_l/tv_r/av_l/av_r/x/y/theta/t_err: 0.77515 0.00000 5.57133 -0.78306 0.68598 -0.47258 0.47158 -0.47258 0.47158 0 0 45.58724 0.77515
fb: -0.06597 0.74351 -0.16558 0.17048
fb: -0.07943 0.75264 -0.16102 0.16591
target: 0.00000 0.59845
dist/lin/ang/drive_left/drive_right/tv_l/tv_r/av_l/av_r/x/y/theta/t_err: 0.66271 0.00000 4.57493 -0.83206 0.67321 -0.39047 0.37711 -0.39047 0.37711 0 0 52.02947 0.66271
fb: -0.08340 0.75703 0.38766 -0.39256
fb: -0.09311 0.74867 0.38348 -0.38838
target: 0.00000 0.46572
dist/lin/ang/drive_left/drive_right/tv_l/tv_r/av_l/av_r/x/y/theta/t_err: 0.54771 0.00000 3.56030 -0.84177 0.65556 -0.11172 0.05544 -0.11172 0.05544 0 0 58.61851 0.54771
fb: -0.10083 0.73585 0.52451 -0.52940
fb: -0.11054 0.70888 0.51102 -0.51592
target: 0.00000 0.33948
dist/lin/ang/drive_left/drive_right/tv_l/tv_r/av_l/av_r/x/y/theta/t_err: 0.43399 0.00000 2.59518 -0.81942 0.59834 0.29739 -0.33128 0.29739 -0.33128 0 0 65.13400 0.43399
fb: -0.10657 0.65502 0.58499 -0.58989
fb: -0.09311 0.58604 0.55050 -0.55540
target: 0.00000 0.23019
dist/lin/ang/drive_left/drive_right/tv_l/tv_r/av_l/av_r/x/y/theta/t_err: 0.32794 0.00000 1.75976 -0.67915 0.49293 0.38961 -0.42711 0.38961 -0.42711 0 0 71.21038 0.32794
fb: -0.09686 0.52013 0.55375 -0.55864
fb: -0.10657 0.44376 0.40878 -0.41368
target: 0.00000 0.15701
dist/lin/ang/drive_left/drive_right/tv_l/tv_r/av_l/av_r/x/y/theta/t_err: 0.24084 0.00000 1.20026 -0.55034 0.33719 0.47825 -0.35489 0.47825 -0.35489 0 0 76.20075 0.24084
fb: -0.12996 0.36921 0.28516 -0.29005
fb: -0.13592 0.29271 0.28516 -0.29005
target: 0.00000 0.11277
dist/lin/ang/drive_left/drive_right/tv_l/tv_r/av_l/av_r/x/y/theta/t_err: 0.17583 0.00000 0.86210 -0.42863 0.15679 0.35233 -0.27756 0.35233 -0.27756 0 0 79.92542 0.17583
fb: -0.13195 0.22164 0.17831 -0.18320
fb: -0.14144 0.15510 0.17831 -0.18320
target: 0.00000 0.09535
dist/lin/ang/drive_left/drive_right/tv_l/tv_r/av_l/av_r/x/y/theta/t_err: 0.13373 0.00000 0.72894 -0.29654 0.01366 0.25461 -0.24178 0.25461 -0.24178 0 0 82.33812 0.13373
fb: -0.13570 0.09560 0.06687 -0.07176
fb: -0.12997 0.05058 0.06687 -0.07176
target: 0.00000 0.09804
dist/lin/ang/drive_left/drive_right/tv_l/tv_r/av_l/av_r/x/y/theta/t_err: 0.11219 0.00000 0.74949 -0.18055 -0.07938 0.14903 -0.14389 0.14903 -0.14389 0 0 83.57195 0.11219
fb: -0.11827 0.01561 -0.10308 0.10798
fb: -0.08915 -0.01157 -0.10308 0.10798
target: 0.00000 0.11032
dist/lin/ang/drive_left/drive_right/tv_l/tv_r/av_l/av_r/x/y/theta/t_err: 0.10566 0.00000 0.84336 -0.07758 -0.10071 0.02653 -0.01506 0.02653 -0.01506 0 0 83.94616 0.10566
fb: -0.07569 -0.02641 -0.15274 0.15764
fb: -0.07966 -0.02683 -0.15274 0.15764
target: 0.00000 0.12421
dist/lin/ang/drive_left/drive_right/tv_l/tv_r/av_l/av_r/x/y/theta/t_err: 0.10786 0.00000 0.94958 -0.05283 -0.10648 -0.10367 0.10558 -0.10367 0.10558 0 0 83.82016 0.10786
fb: -0.08540 -0.02473 -0.16738 0.17228
fb: -0.08716 -0.01582 -0.16738 0.17228
target: 0.00000 0.13121
dist/lin/ang/drive_left/drive_right/tv_l/tv_r/av_l/av_r/x/y/theta/t_err: 0.11191 0.00000 1.00303 -0.07134 -0.10298 -0.14783 0.14747 -0.14783 0.14747 0 0 83.58775 0.11191
fb: -0.06002 0.00223 -0.14003 0.14492
fb: -0.01743 0.02244 -0.14003 0.14492
target: 0.00000 0.12978
dist/lin/ang/drive_left/drive_right/tv_l/tv_r/av_l/av_r/x/y/theta/t_err: 0.11351 0.00000 0.99209 -0.03987 0.00500 -0.15381 0.14803 -0.15381 0.14803 0 0 83.49649 0.11351
fb: 0.00000 0.04431 -0.10137 0.10626
fb: -0.01169 0.06243 -0.10137 0.10626
target: 0.00000 0.11737
dist/lin/ang/drive_left/drive_right/tv_l/tv_r/av_l/av_r/x/y/theta/t_err: 0.10926 0.00000 0.89723 -0.07412 0.05073 -0.12578 0.12439 -0.12578 0.12439 0 0 83.73965 0.10926
fb: -0.02140 0.06786 -0.04539 0.05028
fb: -0.01743 0.06577 -0.04539 0.05028
target: 0.00000 0.09948
dist/lin/ang/drive_left/drive_right/tv_l/tv_r/av_l/av_r/x/y/theta/t_err: 0.09963 0.00000 0.76047 -0.08321 0.04834 -0.08675 0.08642 -0.08675 0.08642 0 0 84.29167 0.09963
fb: -0.01545 0.06410 0.06681 -0.07170
fb: -0.01169 0.06006 0.06681 -0.07170
target: 0.00000 0.08772
dist/lin/ang/drive_left/drive_right/tv_l/tv_r/av_l/av_r/x/y/theta/t_err: 0.08962 0.00000 0.67063 -0.07176 0.04837 -0.02086 0.02464 -0.02086 0.02464 0 0 84.86520 0.08962
fb: -0.00772 0.05372 0.04541 -0.05031
fb: -0.00375 0.04529 0.04541 -0.05031
target: 0.00000 0.07907
dist/lin/ang/drive_left/drive_right/tv_l/tv_r/av_l/av_r/x/y/theta/t_err: 0.08068 0.00000 0.60446 -0.04904 0.04154 0.05064 -0.05836 0.05064 -0.05836 0 0 85.37737 0.08068
fb: 0.00000 0.03553 -0.04198 0.04687
fb: 0.00000 0.02508 -0.04198 0.04687
target: 0.00000 0.07482
dist/lin/ang/drive_left/drive_right/tv_l/tv_r/av_l/av_r/x/y/theta/t_err: 0.07413 0.00000 0.57196 -0.02508 0.02508 0.02275 -0.03181 0.02275 -0.03181 0 0 85.75285 0.07413
fb: 0.00000 0.01394 -0.05954 0.06444
fb: 0.00000 0.00307 -0.05954 0.06444
target: 0.00000 0.07513
dist/lin/ang/drive_left/drive_right/tv_l/tv_r/av_l/av_r/x/y/theta/t_err: 0.07073 0.00000 0.57432 -0.00307 0.00307 -0.03933 0.04125 -0.03933 0.04125 0 0 85.94745 0.07073
fb: 0.00000 -0.00627 -0.08023 0.08512
fb: 0.00000 -0.01198 -0.08023 0.08512
target: 0.00000 0.07924
dist/lin/ang/drive_left/drive_right/tv_l/tv_r/av_l/av_r/x/y/theta/t_err: 0.07060 0.00000 0.60578 0.01198 -0.01198 -0.05889 0.06350 -0.05889 0.06350 0 0 85.95514 0.07060
fb: 0.00000 -0.01596 -0.09954 0.10444
fb: 0.00000 -0.01763 -0.09954 0.10444
target: 0.00000 0.08430
dist/lin/ang/drive_left/drive_right/tv_l/tv_r/av_l/av_r/x/y/theta/t_err: 0.07260 0.00000 0.64447 0.01763 -0.01763 -0.08144 0.08181 -0.08144 0.08181 0 0 85.84012 0.07260
fb: 0.00000 -0.00989 -0.10647 0.11137
fb: 0.00000 0.00934 -0.10647 0.11137
target: 0.00000 0.08742
dist/lin/ang/drive_left/drive_right/tv_l/tv_r/av_l/av_r/x/y/theta/t_err: 0.07496 0.00000 0.66831 -0.00934 0.00934 -0.08728 0.09325 -0.08728 0.09325 0 0 85.70482 0.07496
fb: 0.00000 0.02327 -0.09939 0.10429
fb: 0.00000 0.02857 -0.09939 0.10429
target: 0.00000 0.07980
dist/lin/ang/drive_left/drive_right/tv_l/tv_r/av_l/av_r/x/y/theta/t_err: 0.07310 0.00000 0.61004 -0.02857 0.02857 -0.09189 0.10367 -0.09189 0.10367 0 0 85.81158 0.07310
fb: 0.00000 0.02905 -0.04702 0.05191
fb: 0.00000 0.02738 -0.04702 0.05191
target: 0.00000 0.07172
dist/lin/ang/drive_left/drive_right/tv_l/tv_r/av_l/av_r/x/y/theta/t_err: 0.06878 0.00000 0.54829 -0.02738 0.02738 -0.07511 0.09683 -0.07511 0.09683 0 0 86.05920 0.06878
fb: 0.00000 0.02571 -0.04069 0.04558
fb: 0.00000 0.02104 -0.04069 0.04558
target: 0.00000 0.06724
dist/lin/ang/drive_left/drive_right/tv_l/tv_r/av_l/av_r/x/y/theta/t_err: 0.06461 0.00000 0.51400 -0.02104 0.02104 -0.04192 0.05150 -0.04192 0.05150 0 0 86.29795 0.06461
fb: 0.00000 0.01317 -0.05447 0.05937
fb: 0.00000 0.00523 -0.05447 0.05937
target: 0.00000 0.06570
dist/lin/ang/drive_left/drive_right/tv_l/tv_r/av_l/av_r/x/y/theta/t_err: 0.06174 0.00000 0.50226 -0.00523 0.00523 -0.04328 0.04125 -0.04328 0.04125 0 0 86.46247 0.06174
fb: 0.00000 -0.00160 -0.06694 0.07183
fb: 0.00000 -0.00599 -0.06694 0.07183
target: 0.00000 0.06819
dist/lin/ang/drive_left/drive_right/tv_l/tv_r/av_l/av_r/x/y/theta/t_err: 0.06122 0.00000 0.52129 0.00599 -0.00599 -0.05083 0.04775 -0.05083 0.04775 0 0 86.49231 0.06122
fb: 0.00000 -0.00627 -0.08636 0.09126
fb: 0.00000 -0.00376 -0.08636 0.09126
target: 0.00000 0.07118
dist/lin/ang/drive_left/drive_right/tv_l/tv_r/av_l/av_r/x/y/theta/t_err: 0.06217 0.00000 0.54412 0.00376 -0.00376 -0.06192 0.06569 -0.06192 0.06569 0 0 86.43802 0.06217
fb: 0.00000 0.00000 -0.09019 0.09508
fb: 0.00000 0.00432 -0.09019 0.09508
target: 0.00000 0.07109
dist/lin/ang/drive_left/drive_right/tv_l/tv_r/av_l/av_r/x/y/theta/t_err: 0.06264 0.00000 0.54344 -0.00432 0.00432 -0.07833 0.08231 -0.07833 0.08231 0 0 86.41095 0.06264
fb: 0.00000 0.00683 -0.07629 0.08119
fb: 0.00000 0.00752 -0.07629 0.08119
final error was 3.54725
position: -0.44971 -1.03264 86.45275
took 0.88000 time to finish turn
decreased kd to -0.20000
decreased kd to -0.40000
decreased kd to -0.60000
increased kd to -0.40000
increased kd to -0.20000
increased kd to -0.00000
increased kp to 9.10000
increased kp to 9.20000
increased kp to 9.30000
increased kp to 9.40000
increased kp to 9.50000
increased kp to 9.60000
target: 0.00000 0.07849
dist/lin/ang/drive_left/drive_right/tv_l/tv_r/av_l/av_r/x/y/theta/t_err: 1.57080 0.00000 0.60000 0.00000 0.00000 0.00000 0.00000 0.00000 0.00000 0 0 -0.00037 1.57080
fb: 0.00000 0.00000 -0.43381 0.43870
fb: 0.00000 0.00000 -0.43381 0.43870
target: 0.00000 0.15697
dist/lin/ang/drive_left/drive_right/tv_l/tv_r/av_l/av_r/x/y/theta/t_err: 1.57081 0.00000 1.20000 0.00000 0.00000 -0.03747 0.02756 -0.03747 0.02756 0 0 -0.00056 1.57081
fb: 0.00000 0.00000 -0.47541 0.48030
fb: 0.00000 0.00153 -0.47541 0.48030
target: 0.00000 0.23546
dist/lin/ang/drive_left/drive_right/tv_l/tv_r/av_l/av_r/x/y/theta/t_err: 1.57081 0.00000 1.80000 -0.00153 0.00153 -0.35164 0.35181 -0.35164 0.35181 0 0 -0.00081 1.57081
fb: 0.00000 0.03867 -0.51700 0.52190
fb: 0.00000 0.09232 -0.51700 0.52190
target: 0.00000 0.31394
dist/lin/ang/drive_left/drive_right/tv_l/tv_r/av_l/av_r/x/y/theta/t_err: 1.56872 0.00000 2.40000 -0.09232 0.09232 -0.43683 0.42008 -0.43683 0.42008 0 0 0.11894 1.56872
fb: 0.00000 0.13865 -0.64624 0.65114
fb: 0.00000 0.18548 -0.62283 0.62773
target: 0.00000 0.39243
dist/lin/ang/drive_left/drive_right/tv_l/tv_r/av_l/av_r/x/y/theta/t_err: 1.55315 0.00000 3.00000 -0.18548 0.18548 -0.47106 0.46369 -0.47106 0.46369 0 0 1.01131 1.55315
fb: 0.00000 0.22763 -0.68260 0.68749
fb: 0.00000 0.26735 -0.66274 0.66763
target: 0.00000 0.47092
dist/lin/ang/drive_left/drive_right/tv_l/tv_r/av_l/av_r/x/y/theta/t_err: 1.52332 0.00000 3.60000 -0.26735 0.26735 -0.44814 0.47344 -0.44814 0.47344 0 0 2.72029 1.52332
fb: 0.00000 0.30609 -0.72421 0.72910
fb: 0.00000 0.34357 -0.70547 0.71036
target: 0.00000 0.54940
dist/lin/ang/drive_left/drive_right/tv_l/tv_r/av_l/av_r/x/y/theta/t_err: 1.48105 0.00000 4.20000 -0.34357 0.34357 -0.48461 0.44589 -0.48461 0.44589 0 0 5.14191 1.48105
fb: 0.00000 0.37973 -0.76823 0.77312
fb: 0.00000 0.41311 -0.75154 0.75643
target: 0.00000 0.62789
dist/lin/ang/drive_left/drive_right/tv_l/tv_r/av_l/av_r/x/y/theta/t_err: 1.42732 0.00000 4.80000 -0.41311 0.41311 -0.39767 0.46797 -0.39767 0.46797 0 0 8.22069 1.42732
fb: 0.00000 0.44537 -0.81625 0.82114
fb: 0.00000 0.46934 -0.80427 0.80916
target: 0.00000 0.70637
dist/lin/ang/drive_left/drive_right/tv_l/tv_r/av_l/av_r/x/y/theta/t_err: 1.36313 0.00000 5.40000 -0.46934 0.46934 -0.51400 0.48750 -0.51400 0.48750 0 0 11.89831 1.36313
fb: 0.00000 0.49107 -0.87424 0.87913
fb: 0.00000 0.52368 -0.85793 0.86283
target: 0.00000 0.78486
dist/lin/ang/drive_left/drive_right/tv_l/tv_r/av_l/av_r/x/y/theta/t_err: 1.29070 0.00000 6.00000 -0.52368 0.52368 -0.49792 0.47944 -0.49792 0.47944 0 0 16.04837 1.29070
fb: 0.00000 0.55357 -0.92383 0.92872
fb: 0.00000 0.57866 -0.91129 0.91618
target: 0.00000 0.78486
dist/lin/ang/drive_left/drive_right/tv_l/tv_r/av_l/av_r/x/y/theta/t_err: 1.20977 0.00000 6.00000 -0.57866 0.57866 -0.49536 0.50922 -0.49536 0.50922 0 0 20.68504 1.20977
fb: 0.00000 0.59844 -0.54821 0.55310
fb: -0.02537 0.61768 -0.53859 0.54348
target: 0.00000 0.78486
dist/lin/ang/drive_left/drive_right/tv_l/tv_r/av_l/av_r/x/y/theta/t_err: 1.12083 0.00000 6.00000 -0.64305 0.59230 -0.42022 0.47536 -0.42022 0.47536 0 0 25.78089 1.12083
fb: -0.05825 0.63698 -0.52894 0.53383
fb: -0.04832 0.65453 -0.52016 0.52506
target: 0.00000 0.78486
dist/lin/ang/drive_left/drive_right/tv_l/tv_r/av_l/av_r/x/y/theta/t_err: 1.02593 0.00000 6.00000 -0.70285 0.60621 -0.45928 0.49725 -0.45928 0.49725 0 0 31.21830 1.02593
fb: -0.02912 0.66617 -0.51434 0.51924
fb: -0.02537 0.68059 -0.50713 0.51203
target: 0.00000 0.78486
dist/lin/ang/drive_left/drive_right/tv_l/tv_r/av_l/av_r/x/y/theta/t_err: 0.92574 0.00000 6.00000 -0.70597 0.65522 -0.50319 0.50325 -0.50319 0.50325 0 0 36.95889 0.92574
fb: -0.03287 0.69766 -0.49860 0.50349
fb: -0.05030 0.71627 -0.48930 0.49419
target: 0.00000 0.78486
dist/lin/ang/drive_left/drive_right/tv_l/tv_r/av_l/av_r/x/y/theta/t_err: 0.82129 0.00000 6.00000 -0.76657 0.66596 -0.49006 0.49314 -0.49006 0.49314 0 0 42.94379 0.82129
fb: -0.06023 0.73125 -0.48181 0.48670
fb: -0.06398 0.74191 -0.47648 0.48137
target: 0.00000 0.65683
dist/lin/ang/drive_left/drive_right/tv_l/tv_r/av_l/av_r/x/y/theta/t_err: 0.71151 0.00000 5.02127 -0.80589 0.67792 -0.47467 0.47500 -0.47467 0.47500 0 0 49.23334 0.71151
fb: -0.07170 0.74950 0.31336 -0.31825
fb: -0.06972 0.76009 0.31865 -0.32355
target: 0.00000 0.52429
dist/lin/ang/drive_left/drive_right/tv_l/tv_r/av_l/av_r/x/y/theta/t_err: 0.59802 0.00000 4.00804 -0.82981 0.69037 -0.46711 0.28011 -0.46711 0.28011 0 0 55.73601 0.59802
fb: -0.06200 0.76999 0.48043 -0.48533
fb: -0.06795 0.76595 0.47841 -0.48331
target: 0.00000 0.38949
dist/lin/ang/drive_left/drive_right/tv_l/tv_r/av_l/av_r/x/y/theta/t_err: 0.48160 0.00000 2.97754 -0.83390 0.69799 0.11003 -0.18292 0.11003 -0.18292 0 0 62.40642 0.48160
fb: -0.09112 0.74818 0.61853 -0.62342
fb: -0.10480 0.70115 0.59501 -0.59991
target: 0.00000 0.25900
dist/lin/ang/drive_left/drive_right/tv_l/tv_r/av_l/av_r/x/y/theta/t_err: 0.36537 0.00000 1.97994 -0.80595 0.59635 0.36394 -0.40311 0.36394 -0.40311 0 0 69.06569 0.36537
fb: -0.09884 0.63600 0.67749 -0.68238
fb: -0.10855 0.57266 0.64582 -0.65072
target: 0.00000 0.15684
dist/lin/ang/drive_left/drive_right/tv_l/tv_r/av_l/av_r/x/y/theta/t_err: 0.26090 0.00000 1.19896 -0.68122 0.46411 0.38533 -0.42914 0.38533 -0.42914 0 0 75.05170 0.26090
fb: -0.12621 0.49351 0.58396 -0.58886
fb: -0.12996 0.41743 0.54592 -0.55081
target: 0.00000 0.08857
dist/lin/ang/drive_left/drive_right/tv_l/tv_r/av_l/av_r/x/y/theta/t_err: 0.17667 0.00000 0.67710 -0.54739 0.28747 0.35519 -0.41339 0.35519 -0.41339 0 0 79.87752 0.17667
fb: -0.12996 0.34232 0.29927 -0.30416
fb: -0.12026 0.27243 0.29927 -0.30416
target: 0.00000 0.05060
dist/lin/ang/drive_left/drive_right/tv_l/tv_r/av_l/av_r/x/y/theta/t_err: 0.11578 0.00000 0.38683 -0.39269 0.15218 0.32478 -0.40706 0.32478 -0.40706 0 0 83.36621 0.11578
fb: -0.10856 0.19934 0.18307 -0.18797
fb: -0.10459 0.12611 0.18307 -0.18797
target: 0.00000 0.03578
dist/lin/ang/drive_left/drive_right/tv_l/tv_r/av_l/av_r/x/y/theta/t_err: 0.07696 0.00000 0.27356 -0.23070 0.02152 0.25494 -0.26453 0.25494 -0.26453 0 0 85.59076 0.07696
fb: -0.09687 0.05470 0.08673 -0.09162
fb: -0.08937 -0.00244 0.08673 -0.09162
target: 0.00000 0.04609
dist/lin/ang/drive_left/drive_right/tv_l/tv_r/av_l/av_r/x/y/theta/t_err: 0.06032 0.00000 0.35232 -0.08693 -0.09181 0.15706 -0.15244 0.15706 -0.15244 0 0 86.54416 0.06032
fb: -0.07370 -0.03832 -0.10981 0.11470
fb: -0.05605 -0.05825 -0.10981 0.11470
target: 0.00000 0.07154
dist/lin/ang/drive_left/drive_right/tv_l/tv_r/av_l/av_r/x/y/theta/t_err: 0.06183 0.00000 0.54688 0.00220 -0.11430 0.01778 -0.05014 0.01778 -0.05014 0 0 86.45739 0.06183
fb: -0.05053 -0.06361 -0.19147 0.19636
fb: -0.05252 -0.05950 -0.19147 0.19636
target: 0.00000 0.09139
dist/lin/ang/drive_left/drive_right/tv_l/tv_r/av_l/av_r/x/y/theta/t_err: 0.07080 0.00000 0.69867 0.00699 -0.11202 -0.12081 0.11311 -0.12081 0.11311 0 0 85.94319 0.07080
fb: -0.05627 -0.05149 -0.17681 0.18170
fb: -0.04457 -0.04536 -0.17681 0.18170
target: 0.00000 0.10099
dist/lin/ang/drive_left/drive_right/tv_l/tv_r/av_l/av_r/x/y/theta/t_err: 0.07957 0.00000 0.77203 0.00079 -0.08993 -0.17506 0.17264 -0.17506 0.17264 0 0 85.44074 0.07957
fb: -0.01545 -0.03087 -0.13573 0.14063
fb: -0.00375 -0.00509 -0.13573 0.14063
target: 0.00000 0.10483
dist/lin/ang/drive_left/drive_right/tv_l/tv_r/av_l/av_r/x/y/theta/t_err: 0.08587 0.00000 0.80136 0.00134 -0.00884 -0.14956 0.16014 -0.14956 0.16014 0 0 85.08026 0.08587
fb: -0.00772 0.03191 -0.11185 0.11674
fb: -0.00397 0.05274 -0.11185 0.11674
target: 0.00000 0.09458
dist/lin/ang/drive_left/drive_right/tv_l/tv_r/av_l/av_r/x/y/theta/t_err: 0.08504 0.00000 0.72307 -0.05672 0.04877 -0.12097 0.12661 -0.12097 0.12661 0 0 85.12762 0.08504
fb: -0.00397 0.05853 -0.04307 0.04796
fb: -0.00772 0.06215 -0.04307 0.04796
target: 0.00000 0.07592
dist/lin/ang/drive_left/drive_right/tv_l/tv_r/av_l/av_r/x/y/theta/t_err: 0.07692 0.00000 0.58035 -0.06987 0.05443 -0.09119 0.09889 -0.09119 0.09889 0 0 85.59272 0.07692
fb: -0.00375 0.06166 0.08280 -0.08769
fb: 0.00000 0.05999 0.08280 -0.08769
target: 0.00000 0.06357
dist/lin/ang/drive_left/drive_right/tv_l/tv_r/av_l/av_r/x/y/theta/t_err: 0.06748 0.00000 0.48596 -0.05999 0.05999 -0.01558 0.03200 -0.01558 0.03200 0 0 86.13355 0.06748
fb: -0.00199 0.05623 0.06090 -0.06579
fb: -0.00199 0.04919 0.06090 -0.06579
target: 0.00000 0.05397
dist/lin/ang/drive_left/drive_right/tv_l/tv_r/av_l/av_r/x/y/theta/t_err: 0.05846 0.00000 0.41258 -0.05118 0.04721 0.06811 -0.06897 0.06811 -0.06897 0 0 86.65034 0.05846
fb: 0.00000 0.03985 0.05361 -0.05850
fb: 0.00000 0.03101 0.05361 -0.05850
target: 0.00000 0.04839
dist/lin/ang/drive_left/drive_right/tv_l/tv_r/av_l/av_r/x/y/theta/t_err: 0.05132 0.00000 0.36995 -0.03101 0.03101 0.05922 -0.06261 0.05922 -0.06261 0 0 87.05951 0.05132
fb: 0.00000 0.02014 -0.03957 0.04447
fb: 0.00000 0.00578 -0.03957 0.04447
target: 0.00000 0.04726
dist/lin/ang/drive_left/drive_right/tv_l/tv_r/av_l/av_r/x/y/theta/t_err: 0.04702 0.00000 0.36132 -0.00578 0.00578 0.02381 -0.02975 0.02381 -0.02975 0 0 87.30607 0.04702
fb: 0.00000 -0.00704 -0.05900 0.06389
fb: -0.00397 -0.01449 -0.05900 0.06389
target: 0.00000 0.05197
dist/lin/ang/drive_left/drive_right/tv_l/tv_r/av_l/av_r/x/y/theta/t_err: 0.04664 0.00000 0.39731 0.01052 -0.01846 -0.03681 0.04158 -0.03681 0.04158 0 0 87.32775 0.04664
fb: -0.00397 -0.01826 -0.08776 0.09265
fb: 0.00000 -0.02028 -0.08776 0.09265
target: 0.00000 0.05808
dist/lin/ang/drive_left/drive_right/tv_l/tv_r/av_l/av_r/x/y/theta/t_err: 0.04895 0.00000 0.44402 0.02028 -0.02028 -0.06333 0.06722 -0.06333 0.06722 0 0 87.19553 0.04895
fb: -0.00375 -0.02069 -0.09730 0.10220
fb: -0.00772 -0.02041 -0.09730 0.10220
target: 0.00000 0.06277
dist/lin/ang/drive_left/drive_right/tv_l/tv_r/av_l/av_r/x/y/theta/t_err: 0.05211 0.00000 0.47986 0.01269 -0.02814 -0.08231 0.08778 -0.08231 0.08778 0 0 87.01404 0.05211
fb: -0.00397 -0.01547 -0.09339 0.09828
fb: 0.00000 -0.00543 -0.09339 0.09828
target: 0.00000 0.06565
dist/lin/ang/drive_left/drive_right/tv_l/tv_r/av_l/av_r/x/y/theta/t_err: 0.05500 0.00000 0.50183 0.00543 -0.00543 -0.08864 0.09361 -0.08864 0.09361 0 0 86.84878 0.05500
fb: 0.00000 0.00704 -0.08675 0.09164
fb: 0.00000 0.02257 -0.08675 0.09164
target: 0.00000 0.06272
dist/lin/ang/drive_left/drive_right/tv_l/tv_r/av_l/av_r/x/y/theta/t_err: 0.05535 0.00000 0.47949 -0.02257 0.02257 -0.08264 0.08536 -0.08264 0.08536 0 0 86.82876 0.05535
fb: 0.00000 0.03275 -0.05911 0.06401
fb: 0.00000 0.03456 -0.05911 0.06401
target: 0.00000 0.05313
dist/lin/ang/drive_left/drive_right/tv_l/tv_r/av_l/av_r/x/y/theta/t_err: 0.05159 0.00000 0.40612 -0.03456 0.03456 -0.07136 0.08469 -0.07136 0.08469 0 0 87.04400 0.05159
fb: 0.00000 0.03212 0.05406 -0.05895
fb: 0.00000 0.02717 0.05406 -0.05895
target: 0.00000 0.04552
dist/lin/ang/drive_left/drive_right/tv_l/tv_r/av_l/av_r/x/y/theta/t_err: 0.04645 0.00000 0.34798 -0.02717 0.02717 -0.01097 0.05903 -0.01097 0.05903 0 0 87.33882 0.04645
fb: 0.00000 0.02132 0.04912 -0.05402
fb: 0.00000 0.01435 0.04912 -0.05402
target: 0.00000 0.04271
dist/lin/ang/drive_left/drive_right/tv_l/tv_r/av_l/av_r/x/y/theta/t_err: 0.04252 0.00000 0.32650 -0.01435 0.01435 0.04433 -0.04225 0.04433 -0.04225 0 0 87.56351 0.04252
fb: 0.00000 0.00502 -0.04901 0.05391
fb: 0.00000 -0.00348 -0.04901 0.05391
target: 0.00000 0.04340
dist/lin/ang/drive_left/drive_right/tv_l/tv_r/av_l/av_r/x/y/theta/t_err: 0.04070 0.00000 0.33175 0.00348 -0.00348 0.01233 -0.05183 0.01233 -0.05183 0 0 87.66812 0.04070
fb: 0.00000 -0.00982 -0.06512 0.07001
fb: 0.00000 -0.01463 -0.06512 0.07001
target: 0.00000 0.04768
dist/lin/ang/drive_left/drive_right/tv_l/tv_r/av_l/av_r/x/y/theta/t_err: 0.04148 0.00000 0.36450 0.01463 -0.01463 -0.04656 0.04208 -0.04656 0.04208 0 0 87.62349 0.04148
fb: 0.00000 -0.01798 -0.08357 0.08846
fb: -0.00375 -0.01972 -0.08357 0.08846
final error was 2.51508
position: -0.28550 -0.84831 87.48492
took 0.90000 time to finish turn
WARNING - pros.serial.terminal.terminal:stop - Stopping terminal - pros-cli version:3.5.6

[tomas@nixbtw:~/projects/Robotics/current/Cognex]$ v

