
[tomas@nixbtw:~/projects/Robotics/current/Cognex]$ t
Not sending analytics for this command.

Established terminal connection



         _+=+_
      .-`  .  `-.          8888888b.  8888888b.   .d88888b.   .d8888b.
   _+`     "     `+_       888   Y88b 888   Y88b d88P" "Y88b d88P  Y88b
  \\\sssssssssssss///      888    888 888    888 888     888 Y88b.
     .ss\  *  /ss.         888   d88P 888   d88P 888     888  "Y888b.
 .+bm  .s  *  s.  md+.     8888888P"  8888888P"  888     888     "Y88b.
.hMMMMs .  *  . sMMMMh.    888        888 T88b   888     888       "888
 `\hMMMb \ | / dMMMh:      888        888  T88b  Y88b. .d88P Y88b  d88P
   -SNMNo  -  oNMNs-       888        888   T88b  "Y88888P"   "Y8888P"
     `+dMh\./dMd/
        `:yNy:`                      Powered by PROS for VEX V5
           "                Copyright (c) Purdue University ACM SIGBots
Version:        4.2.1     Platform:  V1.1.5 (b18)     Uptime:    0.000 s
Compiled:   Jan  1 1980 00:00:00     Directory:


bouncing done
health done
auton done
calibrated!
starting task: 2318290
initializing odom model
timed correctly: 2321163
initializing pf model
initializing smoother model
target: 0.000 0.157
dist/lin/ang/drive_left/drive_right/tv_l/tv_r/av_l/av_r/x/y/theta/t_err: 1.57079 0.00000 1.20000 0.00000 0.00000 0.00000 0.00000 0.00000 0.00000 0 0 0.00009 1.57079
fb: 0.00000 0.00000 -0.85057 0.85546
fb: 0.00000 0.00000 -0.85057 0.85546
target: 0.00000 0.31394
dist/lin/ang/drive_left/drive_right/tv_l/tv_r/av_l/av_r/x/y/theta/t_err: 1.57080 0.00000 2.40000 0.00000 0.00000 -0.00033 0.02892 -0.00033 0.02892 0 0 -0.00001 1.57080
fb: 0.00000 0.00000 -1.00000 1.00000
fb: 0.00000 0.00934 -1.00000 1.00000
target: 0.00000 0.47092
dist/lin/ang/drive_left/drive_right/tv_l/tv_r/av_l/av_r/x/y/theta/t_err: 1.57079 0.00000 3.60000 -0.00934 0.00934 -0.48319 0.44539 -0.48319 0.44539 0 0 0.00034 1.57079
fb: 0.01169 0.05978 -1.00000 1.00000
fb: 0.02913 0.11503 -1.00000 1.00000
target: 0.00000 0.62789
dist/lin/ang/drive_left/drive_right/tv_l/tv_r/av_l/av_r/x/y/theta/t_err: 1.56697 0.00000 4.80000 -0.08591 0.14416 -0.58844 0.44983 -0.58844 0.44983 0 0 0.21938 1.56697
fb: 0.02516 0.15907 -1.00000 1.00000
fb: 0.00772 0.20457 -1.00000 1.00000
target: 0.00000 0.78486
dist/lin/ang/drive_left/drive_right/tv_l/tv_r/av_l/av_r/x/y/theta/t_err: 1.54797 0.00000 6.00000 -0.19684 0.21229 -0.73956 0.59631 -0.73956 0.59631 0 0 1.30786 1.54797
fb: 0.00000 0.25585 -1.00000 1.00000
fb: 0.00397 0.30769 -1.00000 1.00000
target: 0.00000 0.78486
dist/lin/ang/drive_left/drive_right/tv_l/tv_r/av_l/av_r/x/y/theta/t_err: 1.51477 0.00000 6.00000 -0.30372 0.31166 -0.74261 0.69556 -0.74261 0.69556 0 0 3.21016 1.51477
fb: 0.01567 0.36022 -0.77720 0.78209
fb: 0.02714 0.40614 -0.75424 0.75913
target: 0.00000 0.78486
dist/lin/ang/drive_left/drive_right/tv_l/tv_r/av_l/av_r/x/y/theta/t_err: 1.46582 0.00000 6.00000 -0.37900 0.43328 -0.75219 0.63567 -0.75219 0.63567 0 0 6.01452 1.46582
fb: 0.02714 0.44815 -0.73323 0.73813
fb: 0.01942 0.48592 -0.71435 0.71924
target: 0.00000 0.78486
dist/lin/ang/drive_left/drive_right/tv_l/tv_r/av_l/av_r/x/y/theta/t_err: 1.40237 0.00000 6.00000 -0.46650 0.50534 -0.57322 0.54703 -0.57322 0.54703 0 0 9.65039 1.40237
fb: 0.00772 0.52668 -0.69397 0.69886
fb: 0.00000 0.56437 -0.67512 0.68002
target: 0.00000 0.78486
dist/lin/ang/drive_left/drive_right/tv_l/tv_r/av_l/av_r/x/y/theta/t_err: 1.32668 0.00000 6.00000 -0.56437 0.56437 -0.53539 0.54125 -0.53539 0.54125 0 0 13.98667 1.32668
fb: 0.00199 0.59399 -0.66032 0.66521
fb: 0.00199 0.62011 -0.64725 0.65215
target: 0.00000 0.78486
dist/lin/ang/drive_left/drive_right/tv_l/tv_r/av_l/av_r/x/y/theta/t_err: 1.23962 0.00000 6.00000 -0.61813 0.62210 -0.55150 0.54583 -0.55150 0.54583 0 0 18.97521 1.23962
fb: -0.00772 0.64771 -0.63346 0.63835
fb: -0.03486 0.67676 -0.61893 0.62382
target: 0.00000 0.78486
dist/lin/ang/drive_left/drive_right/tv_l/tv_r/av_l/av_r/x/y/theta/t_err: 1.14403 0.00000 6.00000 -0.71162 0.64190 -0.57939 0.57303 -0.57939 0.57303 0 0 24.45179 1.14403
fb: -0.03111 0.70637 -0.60412 0.60902
fb: -0.01169 0.73424 -0.59019 0.59508
target: 0.00000 0.78486
dist/lin/ang/drive_left/drive_right/tv_l/tv_r/av_l/av_r/x/y/theta/t_err: 1.03974 0.00000 6.00000 -0.74594 0.72255 -0.57733 0.56739 -0.57733 0.56739 0 0 30.42740 1.03974
fb: -0.02317 0.75800 -0.57831 0.58320
fb: -0.04280 0.78183 -0.56639 0.57129
target: 0.00000 0.78486
dist/lin/ang/drive_left/drive_right/tv_l/tv_r/av_l/av_r/x/y/theta/t_err: 0.92690 0.00000 6.00000 -0.82463 0.73903 -0.57117 0.57236 -0.57117 0.57236 0 0 36.89241 0.92690
fb: -0.05052 0.80503 -0.55479 0.55969
fb: -0.04633 0.82426 -0.54518 0.55007
target: 0.00000 0.76223
dist/lin/ang/drive_left/drive_right/tv_l/tv_r/av_l/av_r/x/y/theta/t_err: 0.80677 0.00000 5.82700 -0.87060 0.77793 -0.54928 0.55147 -0.54928 0.55147 0 0 43.77547 0.80677
fb: -0.05052 0.83799 -0.41000 0.41490
fb: -0.06597 0.85241 -0.40279 0.40769
target: 0.00000 0.61289
dist/lin/ang/drive_left/drive_right/tv_l/tv_r/av_l/av_r/x/y/theta/t_err: 0.68056 0.00000 4.68534 -0.91838 0.78645 -0.50631 0.50836 -0.50631 0.50836 0 0 51.00689 0.68056
fb: -0.07942 0.86196 0.42496 -0.42985
fb: -0.06023 0.86112 0.42454 -0.42943
target: 0.00000 0.46094
dist/lin/ang/drive_left/drive_right/tv_l/tv_r/av_l/av_r/x/y/theta/t_err: 0.55008 0.00000 3.52370 -0.92135 0.80089 -0.29292 0.29089 -0.29292 0.29089 0 0 58.48295 0.55008
fb: -0.01941 0.85297 0.61001 -0.61490
fb: 0.00000 0.83841 0.60273 -0.60762
target: 0.00000 0.31255
dist/lin/ang/drive_left/drive_right/tv_l/tv_r/av_l/av_r/x/y/theta/t_err: 0.41891 0.00000 2.38932 -0.83841 0.83841 0.23306 -0.15692 0.23306 -0.15692 0 0 65.99827 0.41891
fb: 0.00000 0.78754 0.73486 -0.73975
fb: 0.00000 0.72177 0.70197 -0.70687
target: 0.00000 0.17809
dist/lin/ang/drive_left/drive_right/tv_l/tv_r/av_l/av_r/x/y/theta/t_err: 0.29335 0.00000 1.36142 -0.72177 0.72177 0.38314 -0.26247 0.38314 -0.26247 0 0 73.19218 0.29335
fb: -0.23255 0.65648 0.88025 -0.65259
fb: -0.27734 0.57719 0.86300 -0.59055
target: 0.00000 0.07798
dist/lin/ang/drive_left/drive_right/tv_l/tv_r/av_l/av_r/x/y/theta/t_err: 0.18541 0.00000 0.59611 -0.85453 0.29985 0.36992 -0.33894 0.36992 -0.33894 0 0 79.37663 0.18541
fb: -0.09708 0.50125 0.64891 -0.65380
fb: -0.10084 0.42258 0.60958 -0.61447
target: 0.00000 0.00886
dist/lin/ang/drive_left/drive_right/tv_l/tv_r/av_l/av_r/x/y/theta/t_err: 0.09988 0.00000 0.06774 -0.52342 0.32175 0.35094 -0.22022 0.35094 -0.22022 0 0 84.27745 0.09988
fb: -0.09311 0.34796 0.51366 -0.51855
fb: -0.08517 0.26867 0.47401 -0.47891
target: 0.00000 -0.03209
dist/lin/ang/drive_left/drive_right/tv_l/tv_r/av_l/av_r/x/y/theta/t_err: 0.03802 0.00000 -0.24528 -0.35384 0.18350 0.34958 -0.31675 0.34958 -0.31675 0 0 87.82186 0.03802
fb: -0.07745 0.19133 0.24478 -0.24968
fb: -0.06995 0.11643 0.24478 -0.24968
target: 0.00000 -0.04631
dist/lin/ang/drive_left/drive_right/tv_l/tv_r/av_l/av_r/x/y/theta/t_err: -0.00013 0.00000 -0.35401 -0.18638 0.04648 0.29928 -0.26847 0.29928 -0.26847 0 0 90.00759 -0.00013
fb: -0.06598 0.04417 0.13405 -0.13894
fb: -0.05627 -0.01331 0.13405 -0.13894
target: 0.00000 -0.03524
dist/lin/ang/drive_left/drive_right/tv_l/tv_r/av_l/av_r/x/y/theta/t_err: -0.01516 0.00000 -0.26943 -0.04296 -0.06958 0.20158 -0.20842 0.20158 -0.20842 0 0 90.86876 -0.01516
fb: -0.02714 -0.05337 -0.06520 0.07009
fb: -0.01545 -0.07163 -0.06520 0.07009
final error was -0.67422
position: -0.12783 -0.59922 90.67422
took 0.48000 time to finish turn
increased to 135.00000
target: 0.00000 0.15697
dist/lin/ang/drive_left/drive_right/tv_l/tv_r/av_l/av_r/x/y/theta/t_err: 2.35619 0.00000 1.20000 0.00000 0.00000 -0.00033 -0.00017 -0.00033 -0.00017 0 0 0.00008 2.35619
fb: 0.00000 0.00000 -0.85057 0.85546
fb: 0.00000 0.00000 -0.85057 0.85546
target: 0.00000 0.31394
dist/lin/ang/drive_left/drive_right/tv_l/tv_r/av_l/av_r/x/y/theta/t_err: 2.35619 0.00000 2.40000 0.00000 0.00000 -0.02858 0.07342 -0.02858 0.07342 0 0 0.00020 2.35619
fb: 0.00000 0.00000 -1.00000 1.00000
fb: 0.00000 0.00244 -1.00000 1.00000
target: 0.00000 0.47092
dist/lin/ang/drive_left/drive_right/tv_l/tv_r/av_l/av_r/x/y/theta/t_err: 2.35619 0.00000 3.60000 -0.00244 0.00244 -0.43478 0.40228 -0.43478 0.40228 0 0 0.00037 2.35619
fb: -0.00375 0.02285 -1.00000 1.00000
fb: -0.00375 0.07790 -1.00000 1.00000
target: 0.00000 0.62789
dist/lin/ang/drive_left/drive_right/tv_l/tv_r/av_l/av_r/x/y/theta/t_err: 2.35487 0.00000 4.80000 -0.08165 0.07415 -0.61514 0.41853 -0.61514 0.41853 0 0 0.07560 2.35487
fb: 0.00000 0.12653 -1.00000 1.00000
fb: 0.00000 0.17050 -1.00000 1.00000
target: 0.00000 0.78486
dist/lin/ang/drive_left/drive_right/tv_l/tv_r/av_l/av_r/x/y/theta/t_err: 2.34138 0.00000 6.00000 -0.17050 0.17050 -0.68494 0.56533 -0.68494 0.56533 0 0 0.84877 2.34138
fb: 0.00000 0.22234 -1.00000 1.00000
fb: 0.00177 0.27515 -1.00000 1.00000
target: 0.00000 0.78486
dist/lin/ang/drive_left/drive_right/tv_l/tv_r/av_l/av_r/x/y/theta/t_err: 2.31335 0.00000 6.00000 -0.27338 0.27691 -0.71594 0.63892 -0.71594 0.63892 0 0 2.45488 2.31335
fb: 0.00177 0.32789 -0.79336 0.79826
fb: 0.00000 0.37966 -0.76748 0.77237
target: 0.00000 0.78486
dist/lin/ang/drive_left/drive_right/tv_l/tv_r/av_l/av_r/x/y/theta/t_err: 2.26941 0.00000 6.00000 -0.37966 0.37966 -0.73956 0.57117 -0.73956 0.57117 0 0 4.97253 2.26941
fb: 0.00000 0.42816 -0.74323 0.74812
fb: 0.00000 0.47254 -0.72104 0.72593
target: 0.00000 0.78486
dist/lin/ang/drive_left/drive_right/tv_l/tv_r/av_l/av_r/x/y/theta/t_err: 2.20971 0.00000 6.00000 -0.47254 0.47254 -0.56106 0.49228 -0.56106 0.49228 0 0 8.39270 2.20971
fb: 0.00000 0.50229 -0.70616 0.71106
fb: 0.00000 0.52947 -0.69258 0.69747
target: 0.00000 0.78486
dist/lin/ang/drive_left/drive_right/tv_l/tv_r/av_l/av_r/x/y/theta/t_err: 2.13676 0.00000 6.00000 -0.52947 0.52947 -0.54019 0.50292 -0.54019 0.50292 0 0 12.57290 2.13676
fb: -0.00772 0.55525 -0.67969 0.68458
fb: -0.03486 0.58221 -0.66620 0.67110
target: 0.00000 0.78486
dist/lin/ang/drive_left/drive_right/tv_l/tv_r/av_l/av_r/x/y/theta/t_err: 2.05509 0.00000 6.00000 -0.61707 0.54735 -0.55886 0.47739 -0.55886 0.47739 0 0 17.25175 2.05509
fb: -0.05031 0.61036 -0.65213 0.65702
fb: -0.04457 0.63802 -0.63830 0.64319
target: 0.00000 0.78486
dist/lin/ang/drive_left/drive_right/tv_l/tv_r/av_l/av_r/x/y/theta/t_err: 1.96531 0.00000 6.00000 -0.68259 0.59345 -0.57406 0.54978 -0.57406 0.54978 0 0 22.39631 1.96531
fb: -0.06023 0.66422 -0.62520 0.63009
fb: -0.06972 0.69293 -0.61085 0.61574
target: 0.00000 0.78486
dist/lin/ang/drive_left/drive_right/tv_l/tv_r/av_l/av_r/x/y/theta/t_err: 1.86706 0.00000 6.00000 -0.76265 0.62320 -0.57681 0.59033 -0.57681 0.59033 0 0 28.02545 1.86706
fb: -0.06972 0.72212 -0.59625 0.60114
fb: -0.07568 0.75013 -0.58224 0.58714
target: 0.00000 0.78486
dist/lin/ang/drive_left/drive_right/tv_l/tv_r/av_l/av_r/x/y/theta/t_err: 1.76027 0.00000 6.00000 -0.82581 0.67445 -0.58606 0.57372 -0.58606 0.57372 0 0 34.14415 1.76027
fb: -0.09112 0.77284 -0.57089 0.57578
fb: -0.12421 0.79103 -0.56179 0.56669
target: 0.00000 0.78486
dist/lin/ang/drive_left/drive_right/tv_l/tv_r/av_l/av_r/x/y/theta/t_err: 1.64507 0.00000 6.00000 -0.91524 0.66682 -0.56892 0.56311 -0.56892 0.56311 0 0 40.74466 1.64507
fb: -0.12995 0.80831 -0.55316 0.55805
fb: -0.13767 0.82385 -0.54539 0.55028
target: 0.00000 0.78486
dist/lin/ang/drive_left/drive_right/tv_l/tv_r/av_l/av_r/x/y/theta/t_err: 1.52377 0.00000 6.00000 -0.96152 0.68618 -0.55044 0.54825 -0.55044 0.54825 0 0 47.69456 1.52377
fb: -0.15907 0.83952 -0.53755 0.54244
fb: -0.13943 0.85381 -0.53041 0.53530
target: 0.00000 0.78486
dist/lin/ang/drive_left/drive_right/tv_l/tv_r/av_l/av_r/x/y/theta/t_err: 1.39745 0.00000 6.00000 -0.99324 0.71437 -0.53044 0.53183 -0.53044 0.53183 0 0 54.93201 1.39745
fb: -0.11428 0.86530 -0.52466 0.52955
fb: -0.10877 0.87568 -0.51947 0.52436
target: 0.00000 0.78486
dist/lin/ang/drive_left/drive_right/tv_l/tv_r/av_l/av_r/x/y/theta/t_err: 1.26674 0.00000 6.00000 -0.98445 0.76692 -0.51831 0.51503 -0.51831 0.51503 0 0 62.42109 1.26674
fb: -0.10281 0.88356 -0.51553 0.52042
fb: -0.10656 0.89080 -0.51191 0.51680
target: 0.00000 0.78486
dist/lin/ang/drive_left/drive_right/tv_l/tv_r/av_l/av_r/x/y/theta/t_err: 1.13276 0.00000 6.00000 -0.99736 0.78425 -0.50547 0.50733 -0.50547 0.50733 0 0 70.09784 1.13276
fb: -0.11053 0.89498 -0.50982 0.51471
fb: -0.11450 0.89631 -0.50915 0.51405
target: 0.00000 0.78486
dist/lin/ang/drive_left/drive_right/tv_l/tv_r/av_l/av_r/x/y/theta/t_err: 0.99659 0.00000 6.00000 -1.01081 0.78181 -0.50133 0.50031 -0.50133 0.50031 0 0 77.89975 0.99659
fb: -0.13391 0.89568 -0.50947 0.51436
fb: -0.14141 0.89986 -0.50738 0.51227
target: 0.00000 0.78486
dist/lin/ang/drive_left/drive_right/tv_l/tv_r/av_l/av_r/x/y/theta/t_err: 0.85967 0.00000 6.00000 -1.04128 0.75845 -0.49400 0.49842 -0.49400 0.49842 0 0 85.74447 0.85967
fb: -0.12972 0.90160 -0.50651 0.51140
fb: -0.11825 0.90390 -0.50536 0.51025
target: 0.00000 0.64579
dist/lin/ang/drive_left/drive_right/tv_l/tv_r/av_l/av_r/x/y/theta/t_err: 0.72206 0.00000 4.93687 -1.02215 0.78565 -0.49092 0.49469 -0.49092 0.49469 0 0 93.62884 0.72206
fb: -0.11053 0.90606 0.36229 -0.36718
fb: -0.09906 0.90544 0.36197 -0.36687
target: 0.00000 0.48933
dist/lin/ang/drive_left/drive_right/tv_l/tv_r/av_l/av_r/x/y/theta/t_err: 0.58374 0.00000 3.74076 -1.00449 0.80638 -0.33231 0.32956 -0.33231 0.32956 0 0 101.55390 0.58374
fb: -0.09906 0.90467 0.62293 -0.62782
fb: -0.12001 0.89784 0.61951 -0.62441
target: 0.00000 0.33332
dist/lin/ang/drive_left/drive_right/tv_l/tv_r/av_l/av_r/x/y/theta/t_err: 0.44525 0.00000 2.54810 -1.01786 0.77783 0.12031 -0.12714 0.12031 -0.12714 0 0 109.48896 0.44525
fb: -0.12994 0.87743 0.78980 -0.79470
fb: -0.13193 0.81980 0.76099 -0.76589
target: 0.00000 0.18192
dist/lin/ang/drive_left/drive_right/tv_l/tv_r/av_l/av_r/x/y/theta/t_err: 0.30864 0.00000 1.39071 -0.95174 0.68787 0.24519 -0.42947 0.24519 -0.42947 0 0 117.31604 0.30864
fb: -0.14539 0.74692 0.88094 -0.88583
fb: -0.14363 0.67725 0.84610 -0.85099
target: 0.00000 0.06110
dist/lin/ang/drive_left/drive_right/tv_l/tv_r/av_l/av_r/x/y/theta/t_err: 0.18611 0.00000 0.46712 -0.82088 0.53362 0.27053 -0.41375 0.27053 -0.41375 0 0 124.33667 0.18611
fb: -0.14341 0.59879 0.81059 -0.81549
fb: -0.14342 0.52682 0.77461 -0.77950
target: 0.00000 -0.02541
dist/lin/ang/drive_left/drive_right/tv_l/tv_r/av_l/av_r/x/y/theta/t_err: 0.08556 0.00000 -0.19425 -0.67023 0.38340 0.33092 -0.34528 0.33092 -0.34528 0 0 130.09769 0.08556
fb: -0.12025 0.45547 0.68580 -0.69069
fb: -0.09510 0.37715 0.64664 -0.65153
target: 0.00000 -0.08604
dist/lin/ang/drive_left/drive_right/tv_l/tv_r/av_l/av_r/x/y/theta/t_err: 0.00749 0.00000 -0.65771 -0.47225 0.28206 0.28078 -0.36378 0.28078 -0.36378 0 0 134.57074 0.00749
fb: -0.04082 0.29849 0.56174 -0.56664
fb: 0.00000 0.22749 0.52625 -0.53114
target: 0.00000 -0.11949
dist/lin/ang/drive_left/drive_right/tv_l/tv_r/av_l/av_r/x/y/theta/t_err: -0.04729 0.00000 -0.91349 -0.22749 0.22749 0.29106 -0.40142 0.29106 -0.40142 0 0 137.70973 -0.04729
fb: 0.00000 0.16060 0.40970 -0.41459
fb: 0.00000 0.09093 0.26965 -0.27454
target: 0.00000 -0.12869
dist/lin/ang/drive_left/drive_right/tv_l/tv_r/av_l/av_r/x/y/theta/t_err: -0.07962 0.00000 -0.98376 -0.09093 0.09093 0.28900 -0.29978 0.28900 -0.29978 0 0 139.56191 -0.07962
fb: 0.00000 0.01693 0.16660 -0.17150
fb: -0.16858 -0.03665 0.16660 -0.17150
target: 0.00000 -0.11533
dist/lin/ang/drive_left/drive_right/tv_l/tv_r/av_l/av_r/x/y/theta/t_err: -0.09065 0.00000 -0.88167 -0.13193 -0.20523 0.24828 -0.24214 0.24828 -0.24214 0 0 140.19405 -0.09065
fb: -0.19197 -0.07323 0.15219 0.12272
fb: -0.05053 -0.09706 0.05620 -0.06110
target: 0.00000 -0.08596
dist/lin/ang/drive_left/drive_right/tv_l/tv_r/av_l/av_r/x/y/theta/t_err: -0.08379 0.00000 -0.65711 0.04653 -0.14759 0.16083 -0.14200 0.16083 -0.14200 0 0 139.80082 -0.08379
fb: -0.04832 -0.10751 -0.11362 0.11851
fb: -0.03685 -0.11343 -0.11362 0.11851
target: 0.00000 -0.05886
dist/lin/ang/drive_left/drive_right/tv_l/tv_r/av_l/av_r/x/y/theta/t_err: -0.06863 0.00000 -0.44998 0.07658 -0.15028 0.01164 -0.01728 0.01164 -0.01728 0 0 138.93219 -0.06863
fb: -0.02339 -0.11490 -0.12151 0.12641
fb: -0.01147 -0.11287 -0.12151 0.12641
target: 0.00000 -0.03657
dist/lin/ang/drive_left/drive_right/tv_l/tv_r/av_l/av_r/x/y/theta/t_err: -0.05123 0.00000 -0.27959 0.10140 -0.12435 -0.10058 0.09786 -0.10058 0.09786 0 0 137.93515 -0.05123
fb: -0.00772 -0.10653 -0.11482 0.11971
fb: -0.00397 -0.09302 -0.11482 0.11971
target: 0.00000 -0.01791
dist/lin/ang/drive_left/drive_right/tv_l/tv_r/av_l/av_r/x/y/theta/t_err: -0.03422 0.00000 -0.13690 0.08905 -0.09699 -0.11703 0.11378 -0.11703 0.11378 0 0 136.96043 -0.03422
fb: 0.00000 -0.07225 -0.11102 0.11592
fb: 0.00000 -0.03846 -0.11102 0.11592
target: 0.00000 -0.00715
dist/lin/ang/drive_left/drive_right/tv_l/tv_r/av_l/av_r/x/y/theta/t_err: -0.02079 0.00000 -0.05467 0.03846 -0.03846 -0.10658 0.10558 -0.10658 0.10558 0 0 136.19138 -0.02079
fb: 0.00000 -0.00223 -0.08264 0.08753
fb: 0.00000 0.02745 -0.08264 0.08753
final error was -0.93618
position: -0.01114 -1.39092 135.93618
took 0.72000 time to finish turn
target: 0.00000 0.15697
dist/lin/ang/drive_left/drive_right/tv_l/tv_r/av_l/av_r/x/y/theta/t_err: 2.35620 0.00000 1.20000 0.00000 0.00000 -0.00017 -0.00033 -0.00017 -0.00033 0 0 -0.00018 2.35620
fb: 0.00000 0.00000 -0.85057 0.85546
fb: 0.00000 0.00000 -0.85057 0.85546
target: 0.00000 0.31394
dist/lin/ang/drive_left/drive_right/tv_l/tv_r/av_l/av_r/x/y/theta/t_err: 2.35620 0.00000 2.40000 0.00000 0.00000 -0.05836 0.02858 -0.05836 0.02858 0 0 -0.00032 2.35620
fb: 0.00000 0.00000 -1.00000 1.00000
fb: 0.00000 0.00404 -1.00000 1.00000
target: 0.00000 0.47092
dist/lin/ang/drive_left/drive_right/tv_l/tv_r/av_l/av_r/x/y/theta/t_err: 2.35620 0.00000 3.60000 -0.00404 0.00404 -0.44658 0.45739 -0.44658 0.45739 0 0 -0.00015 2.35620
fb: 0.00000 0.05616 -1.00000 1.00000
fb: 0.00000 0.11399 -1.00000 1.00000
target: 0.00000 0.62789
dist/lin/ang/drive_left/drive_right/tv_l/tv_r/av_l/av_r/x/y/theta/t_err: 2.35295 0.00000 4.80000 -0.11399 0.11399 -0.45258 0.38619 -0.45258 0.38619 0 0 0.18614 2.35295
fb: 0.00000 0.15231 -1.00000 1.00000
fb: 0.00000 0.19739 -1.00000 1.00000
target: 0.00000 0.78486
dist/lin/ang/drive_left/drive_right/tv_l/tv_r/av_l/av_r/x/y/theta/t_err: 2.33458 0.00000 6.00000 -0.19739 0.19739 -0.58297 0.58928 -0.58297 0.58928 0 0 1.23827 2.33458
fb: 0.00000 0.25299 -1.00000 1.00000
fb: 0.00000 0.30609 -1.00000 1.00000
target: 0.00000 0.78486
dist/lin/ang/drive_left/drive_right/tv_l/tv_r/av_l/av_r/x/y/theta/t_err: 2.30222 0.00000 6.00000 -0.30609 0.30609 -0.67092 0.59531 -0.67092 0.59531 0 0 3.09244 2.30222
fb: 0.00000 0.35869 -0.77796 0.78286
fb: 0.00000 0.40872 -0.75295 0.75784
target: 0.00000 0.78486
dist/lin/ang/drive_left/drive_right/tv_l/tv_r/av_l/av_r/x/y/theta/t_err: 2.25356 0.00000 6.00000 -0.40872 0.40872 -0.54739 0.68942 -0.54739 0.68942 0 0 5.88030 2.25356
fb: 0.00000 0.46007 -0.72727 0.73217
fb: 0.00000 0.49867 -0.70797 0.71287
target: 0.00000 0.78486
dist/lin/ang/drive_left/drive_right/tv_l/tv_r/av_l/av_r/x/y/theta/t_err: 2.18932 0.00000 6.00000 -0.49867 0.49867 -0.49864 0.49314 -0.49864 0.49314 0 0 9.56097 2.18932
fb: 0.00000 0.51846 -0.69808 0.70297
fb: 0.00000 0.53622 -0.68920 0.69409
target: 0.00000 0.78486
dist/lin/ang/drive_left/drive_right/tv_l/tv_r/av_l/av_r/x/y/theta/t_err: 2.11267 0.00000 6.00000 -0.53622 0.53622 -0.51933 0.55044 -0.51933 0.55044 0 0 13.95272 2.11267
fb: 0.00000 0.56005 -0.67728 0.68218
fb: 0.00000 0.59649 -0.65906 0.66396
target: 0.00000 0.78486
dist/lin/ang/drive_left/drive_right/tv_l/tv_r/av_l/av_r/x/y/theta/t_err: 2.02987 0.00000 6.00000 -0.59649 0.59649 -0.54772 0.53164 -0.54772 0.53164 0 0 18.69686 2.02987
fb: 0.00000 0.63196 -0.64133 0.64622
fb: 0.00000 0.65976 -0.62743 0.63232
target: 0.00000 0.78486
dist/lin/ang/drive_left/drive_right/tv_l/tv_r/av_l/av_r/x/y/theta/t_err: 1.93757 0.00000 6.00000 -0.65976 0.65976 -0.58569 0.50222 -0.58569 0.50222 0 0 23.98516 1.93757
fb: 0.00000 0.68930 -0.61266 0.61755
fb: 0.00000 0.71808 -0.59827 0.60316
target: 0.00000 0.78486
dist/lin/ang/drive_left/drive_right/tv_l/tv_r/av_l/av_r/x/y/theta/t_err: 1.83576 0.00000 6.00000 -0.71808 0.71808 -0.59117 0.51539 -0.59117 0.51539 0 0 29.81843 1.83576
fb: 0.00000 0.73954 -0.58754 0.59243
fb: -0.40132 0.76434 -0.37448 0.78069
target: 0.00000 0.78486
dist/lin/ang/drive_left/drive_right/tv_l/tv_r/av_l/av_r/x/y/theta/t_err: 1.72554 0.00000 6.00000 -1.16567 0.36302 -0.57183 0.54583 -0.57183 0.54583 0 0 36.13359 1.72554
fb: -0.40132 0.78768 -0.36281 0.76902
fb: 0.00000 0.80489 -0.55486 0.55976
target: 0.00000 0.78486
dist/lin/ang/drive_left/drive_right/tv_l/tv_r/av_l/av_r/x/y/theta/t_err: 1.60810 0.00000 6.00000 -0.80489 0.80489 -0.42778 0.56139 -0.42778 0.56139 0 0 42.86244 1.60810
fb: 0.00000 0.82120 -0.54671 0.55160
fb: 0.00000 0.83165 -0.54148 0.54638
target: 0.00000 0.78486
dist/lin/ang/drive_left/drive_right/tv_l/tv_r/av_l/av_r/x/y/theta/t_err: 1.48465 0.00000 6.00000 -0.83165 0.83165 -0.49792 0.53008 -0.49792 0.53008 0 0 49.93555 1.48465
fb: 0.00000 0.83625 -0.53919 0.54408
fb: 0.00000 0.84433 -0.53514 0.54004
target: 0.00000 0.78486
dist/lin/ang/drive_left/drive_right/tv_l/tv_r/av_l/av_r/x/y/theta/t_err: 1.35761 0.00000 6.00000 -0.84433 0.84433 -0.52617 0.52806 -0.52617 0.52806 0 0 57.21486 1.35761
fb: 0.00000 0.85353 -0.53055 0.53544
fb: 0.00000 0.86168 -0.52647 0.53136
target: 0.00000 0.78486
dist/lin/ang/drive_left/drive_right/tv_l/tv_r/av_l/av_r/x/y/theta/t_err: 1.22833 0.00000 6.00000 -0.86168 0.86168 -0.52239 0.52239 -0.52239 0.52239 0 0 64.62185 1.22833
fb: 0.00000 0.86879 -0.52292 0.52781
fb: 0.00000 0.87513 -0.51975 0.52464
target: 0.00000 0.78486
dist/lin/ang/drive_left/drive_right/tv_l/tv_r/av_l/av_r/x/y/theta/t_err: 1.09644 0.00000 6.00000 -0.87513 0.87513 -0.51317 0.51161 -0.51317 0.51161 0 0 72.17848 1.09644
fb: 0.00000 0.88398 -0.51532 0.52021
fb: -0.46925 0.89185 -0.27676 0.75090
target: 0.00000 0.78486
dist/lin/ang/drive_left/drive_right/tv_l/tv_r/av_l/av_r/x/y/theta/t_err: 0.96231 0.00000 6.00000 -1.36110 0.42260 -0.50581 0.50717 -0.50581 0.50717 0 0 79.86382 0.96231
fb: -0.46925 0.89979 -0.27279 0.74693
fb: -0.07942 0.90516 -0.50473 0.50962
target: 0.00000 0.76341
dist/lin/ang/drive_left/drive_right/tv_l/tv_r/av_l/av_r/x/y/theta/t_err: 0.82562 0.00000 5.83605 -0.98458 0.82574 -0.34325 0.61756 -0.34325 0.61756 0 0 87.69519 0.82562
fb: -0.07942 0.90662 -0.38240 0.38729
fb: -0.07567 0.90885 -0.38129 0.38618
target: 0.00000 0.60556
dist/lin/ang/drive_left/drive_right/tv_l/tv_r/av_l/av_r/x/y/theta/t_err: 0.68719 0.00000 4.62935 -0.98452 0.83318 -0.41494 0.52103 -0.41494 0.52103 0 0 95.62681 0.68719
fb: -0.07567 0.90572 0.49369 -0.49859
fb: -0.06398 0.89680 0.48923 -0.49413
target: 0.00000 0.44871
dist/lin/ang/drive_left/drive_right/tv_l/tv_r/av_l/av_r/x/y/theta/t_err: 0.54828 0.00000 3.43022 -0.96078 0.83282 -0.27617 0.33744 -0.27617 0.33744 0 0 103.58606 0.54828
fb: -0.06398 0.88419 0.66199 -0.66689
fb: -0.08339 0.86767 0.65374 -0.65863
target: 0.00000 0.29751
dist/lin/ang/drive_left/drive_right/tv_l/tv_r/av_l/av_r/x/y/theta/t_err: 0.41154 0.00000 2.27437 -0.95107 0.78428 0.23494 -0.22003 0.23494 -0.22003 0 0 111.42069 0.41154
fb: -0.08339 0.81764 0.78014 -0.78504
fb: 0.00000 0.73696 0.73980 -0.74469
target: 0.00000 0.15803
dist/lin/ang/drive_left/drive_right/tv_l/tv_r/av_l/av_r/x/y/theta/t_err: 0.28094 0.00000 1.20806 -0.73696 0.73696 0.33761 -0.31467 0.33761 -0.31467 0 0 118.90336 0.28094
fb: 0.00000 0.66610 0.81486 -0.81976
fb: 0.00000 0.59468 0.77915 -0.78405
target: 0.00000 0.05842
dist/lin/ang/drive_left/drive_right/tv_l/tv_r/av_l/av_r/x/y/theta/t_err: 0.17060 0.00000 0.44658 -0.59468 0.59468 0.34531 -0.37233 0.34531 -0.37233 0 0 125.22514 0.17060
fb: 0.00000 0.51135 0.67459 -0.67948
fb: 0.00000 0.41325 0.62554 -0.63043
target: 0.00000 -0.01334
dist/lin/ang/drive_left/drive_right/tv_l/tv_r/av_l/av_r/x/y/theta/t_err: 0.08269 0.00000 -0.10200 -0.41325 0.41325 0.34650 -0.27050 0.34650 -0.27050 0 0 130.26200 0.08269
fb: 0.00000 0.32169 0.53840 -0.54329
fb: 0.00000 0.24477 0.49994 -0.50483
target: 0.00000 -0.04690
dist/lin/ang/drive_left/drive_right/tv_l/tv_r/av_l/av_r/x/y/theta/t_err: 0.02277 0.00000 -0.35852 -0.24477 0.24477 0.40075 -0.25906 0.40075 -0.25906 0 0 133.69552 0.02277
fb: 0.00000 0.17168 0.22144 -0.22634
fb: -0.23853 0.10152 0.34071 -0.10707
target: 0.00000 -0.05552
dist/lin/ang/drive_left/drive_right/tv_l/tv_r/av_l/av_r/x/y/theta/t_err: -0.01198 0.00000 -0.42443 -0.34005 -0.13701 0.35764 -0.28114 0.35764 -0.28114 0 0 135.68638 -0.01198
fb: -0.23853 0.03233 0.23429 0.08718
fb: -0.01169 -0.02550 0.11502 -0.11992
target: 0.00000 -0.04357
dist/lin/ang/drive_left/drive_right/tv_l/tv_r/av_l/av_r/x/y/theta/t_err: -0.02487 0.00000 -0.33308 0.01381 -0.03720 0.28644 -0.14578 0.28644 -0.14578 0 0 136.42484 -0.02487
fb: -0.01169 -0.06619 -0.06360 0.06850
fb: -0.01169 -0.08744 -0.06360 0.06850
target: 0.00000 -0.01553
dist/lin/ang/drive_left/drive_right/tv_l/tv_r/av_l/av_r/x/y/theta/t_err: -0.01954 0.00000 -0.11871 0.07575 -0.09914 0.10611 -0.05136 0.10611 -0.05136 0 0 136.11940 -0.01954
fb: -0.01169 -0.09169 -0.15481 0.15970
fb: 0.00000 -0.08598 -0.15481 0.15970
final error was -0.34989
position: -0.10700 -0.93313 135.34989
took 0.62000 time to finish turn
increased to 180.00000
target: 0.00000 0.15697
dist/lin/ang/drive_left/drive_right/tv_l/tv_r/av_l/av_r/x/y/theta/t_err: 3.14159 0.00000 1.20000 0.00000 0.00000 -0.00033 0.00000 -0.00033 0.00000 0 0 0.00012 3.14159
fb: 0.00000 0.00000 -0.85057 0.85546
fb: 0.00000 0.00000 -0.85057 0.85546
target: 0.00000 0.31394
dist/lin/ang/drive_left/drive_right/tv_l/tv_r/av_l/av_r/x/y/theta/t_err: 3.14159 0.00000 2.40000 0.00000 0.00000 -0.04944 0.05492 -0.04944 0.05492 0 0 0.00009 3.14159
fb: 0.00000 0.00000 -1.00000 1.00000
fb: 0.00000 0.00941 -1.00000 1.00000
target: 0.00000 0.47092
dist/lin/ang/drive_left/drive_right/tv_l/tv_r/av_l/av_r/x/y/theta/t_err: 3.14159 0.00000 3.60000 -0.00941 0.00941 -0.42778 0.38706 -0.42778 0.38706 0 0 -0.00008 3.14159
fb: 0.00000 0.06222 -1.00000 1.00000
fb: -0.01147 0.12277 -1.00000 1.00000
target: 0.00000 0.62789
dist/lin/ang/drive_left/drive_right/tv_l/tv_r/av_l/av_r/x/y/theta/t_err: 3.13757 0.00000 4.80000 -0.13424 0.11129 -0.43892 0.58467 -0.43892 0.58467 0 0 0.23031 3.13757
fb: -0.01147 0.17990 -1.00000 1.00000
fb: 0.00000 0.23439 -1.00000 1.00000
target: 0.00000 0.78486
dist/lin/ang/drive_left/drive_right/tv_l/tv_r/av_l/av_r/x/y/theta/t_err: 3.11678 0.00000 6.00000 -0.23439 0.23439 -0.59700 0.55731 -0.59700 0.55731 0 0 1.42191 3.11678
fb: 0.00000 0.28386 -1.00000 1.00000
fb: 0.00000 0.33396 -1.00000 1.00000
target: 0.00000 0.78486
dist/lin/ang/drive_left/drive_right/tv_l/tv_r/av_l/av_r/x/y/theta/t_err: 3.07924 0.00000 6.00000 -0.33396 0.33396 -0.71986 0.62747 -0.71986 0.62747 0 0 3.57283 3.07924
fb: 0.00000 0.38614 -0.76424 0.76913
fb: 0.00199 0.43478 -0.73992 0.74481
target: 0.00000 0.78486
dist/lin/ang/drive_left/drive_right/tv_l/tv_r/av_l/av_r/x/y/theta/t_err: 3.02636 0.00000 6.00000 -0.43279 0.43676 -0.64133 0.58228 -0.64133 0.58228 0 0 6.60258 3.02636
fb: 0.00199 0.48369 -0.71546 0.72036
fb: 0.00000 0.52403 -0.69529 0.70019
target: 0.00000 0.78486
dist/lin/ang/drive_left/drive_right/tv_l/tv_r/av_l/av_r/x/y/theta/t_err: 2.95820 0.00000 6.00000 -0.52403 0.52403 -0.51519 0.42725 -0.51519 0.42725 0 0 10.50773 2.95820
fb: 0.00000 0.54340 -0.68561 0.69050
fb: -0.01942 0.56075 -0.67693 0.68183
target: 0.00000 0.78486
dist/lin/ang/drive_left/drive_right/tv_l/tv_r/av_l/av_r/x/y/theta/t_err: 2.87779 0.00000 6.00000 -0.58017 0.54133 -0.55986 0.51539 -0.55986 0.51539 0 0 15.11494 2.87779
fb: -0.01942 0.58792 -0.66335 0.66824
fb: -0.01942 0.61747 -0.64858 0.65347
target: 0.00000 0.78486
dist/lin/ang/drive_left/drive_right/tv_l/tv_r/av_l/av_r/x/y/theta/t_err: 2.79122 0.00000 6.00000 -0.63688 0.59805 -0.59939 0.48817 -0.59939 0.48817 0 0 20.07503 2.79122
fb: -0.01942 0.64931 -0.63266 0.63755
fb: -0.01942 0.67572 -0.61945 0.62435
target: 0.00000 0.78486
dist/lin/ang/drive_left/drive_right/tv_l/tv_r/av_l/av_r/x/y/theta/t_err: 2.69579 0.00000 6.00000 -0.69513 0.65630 -0.55267 0.52408 -0.55267 0.52408 0 0 25.54245 2.69579
fb: -0.01942 0.69711 -0.60876 0.61365
fb: -0.06200 0.71912 -0.59775 0.60264
target: 0.00000 0.78486
dist/lin/ang/drive_left/drive_right/tv_l/tv_r/av_l/av_r/x/y/theta/t_err: 2.59207 0.00000 6.00000 -0.78112 0.65713 -0.57578 0.53403 -0.57578 0.53403 0 0 31.48560 2.59207
fb: -0.06200 0.74518 -0.58472 0.58961
fb: -0.08163 0.77263 -0.57099 0.57589
target: 0.00000 0.78486
dist/lin/ang/drive_left/drive_right/tv_l/tv_r/av_l/av_r/x/y/theta/t_err: 2.48138 0.00000 6.00000 -0.85427 0.69100 -0.57578 0.54447 -0.57578 0.54447 0 0 37.82757 2.48138
fb: -0.08163 0.79444 -0.56009 0.56498
fb: -0.07170 0.81465 -0.54998 0.55488
target: 0.00000 0.78486
dist/lin/ang/drive_left/drive_right/tv_l/tv_r/av_l/av_r/x/y/theta/t_err: 2.36279 0.00000 6.00000 -0.88635 0.74295 -0.55850 0.54706 -0.55850 0.54706 0 0 44.62236 2.36279
fb: -0.07170 0.83451 -0.54006 0.54495
fb: -0.08715 0.84997 -0.53232 0.53722
target: 0.00000 0.78486
dist/lin/ang/drive_left/drive_right/tv_l/tv_r/av_l/av_r/x/y/theta/t_err: 2.23770 0.00000 6.00000 -0.93712 0.76283 -0.53608 0.53353 -0.53608 0.53353 0 0 51.78907 2.23770
fb: -0.08715 0.86523 -0.52469 0.52959
fb: -0.09707 0.87276 -0.52093 0.52582
target: 0.00000 0.78486
dist/lin/ang/drive_left/drive_right/tv_l/tv_r/av_l/av_r/x/y/theta/t_err: 2.10739 0.00000 6.00000 -0.96983 0.77569 -0.52136 0.51281 -0.52136 0.51281 0 0 59.25560 2.10739
fb: -0.09707 0.87666 -0.51898 0.52387
fb: -0.10656 0.88063 -0.51699 0.52189
target: 0.00000 0.78486
dist/lin/ang/drive_left/drive_right/tv_l/tv_r/av_l/av_r/x/y/theta/t_err: 1.97404 0.00000 6.00000 -0.98719 0.77407 -0.51008 0.50408 -0.51008 0.50408 0 0 66.89574 1.97404
fb: -0.21709 0.88446 -0.40653 0.62851
fb: -0.11053 0.89101 -0.51180 0.51670
target: 0.00000 0.78486
dist/lin/ang/drive_left/drive_right/tv_l/tv_r/av_l/av_r/x/y/theta/t_err: 1.83940 0.00000 6.00000 -1.00154 0.78048 -0.49414 0.52667 -0.49414 0.52667 0 0 74.61018 1.83940
fb: -0.12024 0.89840 -0.50811 0.51300
fb: -0.12024 0.90467 -0.50497 0.50987
target: 0.00000 0.78486
dist/lin/ang/drive_left/drive_right/tv_l/tv_r/av_l/av_r/x/y/theta/t_err: 1.70299 0.00000 6.00000 -1.02491 0.78443 -0.48236 0.51486 -0.48236 0.51486 0 0 82.42583 1.70299
fb: -0.09310 0.91066 -0.50198 0.50687
fb: -0.09310 0.90906 -0.50278 0.50767
target: 0.00000 0.78486
dist/lin/ang/drive_left/drive_right/tv_l/tv_r/av_l/av_r/x/y/theta/t_err: 1.56444 0.00000 6.00000 -1.00216 0.81596 -0.49125 0.48783 -0.49125 0.48783 0 0 90.36404 1.56444
fb: 0.00000 0.90286 -0.50588 0.51077
fb: 0.00000 0.89930 -0.50766 0.51255
target: 0.00000 0.78486
dist/lin/ang/drive_left/drive_right/tv_l/tv_r/av_l/av_r/x/y/theta/t_err: 1.42571 0.00000 6.00000 -0.89930 0.89930 -0.48956 0.48544 -0.48956 0.48544 0 0 98.31265 1.42571
fb: 0.00000 0.89512 -0.50975 0.51464
fb: 0.00000 0.89422 -0.51020 0.51509
target: 0.00000 0.78486
dist/lin/ang/drive_left/drive_right/tv_l/tv_r/av_l/av_r/x/y/theta/t_err: 1.28827 0.00000 6.00000 -0.89422 0.89422 -0.49244 0.49453 -0.49244 0.49453 0 0 106.18763 1.28827
fb: 0.00000 0.89589 -0.50936 0.51426
fb: 0.00000 0.89673 -0.50895 0.51384
target: 0.00000 0.78486
dist/lin/ang/drive_left/drive_right/tv_l/tv_r/av_l/av_r/x/y/theta/t_err: 1.15127 0.00000 6.00000 -0.89673 0.89673 -0.49739 0.49467 -0.49739 0.49467 0 0 114.03735 1.15127
fb: 0.00000 0.90056 -0.50703 0.51192
fb: 0.00000 0.90195 -0.50633 0.51123
target: 0.00000 0.78486
dist/lin/ang/drive_left/drive_right/tv_l/tv_r/av_l/av_r/x/y/theta/t_err: 1.01375 0.00000 6.00000 -0.90195 0.90195 -0.49194 0.49775 -0.49194 0.49775 0 0 121.91631 1.01375
fb: 0.00000 0.90411 -0.50525 0.51015
fb: 0.00000 0.90230 -0.50616 0.51105
target: 0.00000 0.78486
dist/lin/ang/drive_left/drive_right/tv_l/tv_r/av_l/av_r/x/y/theta/t_err: 0.87547 0.00000 6.00000 -0.90230 0.90230 -0.49089 0.49553 -0.49089 0.49553 0 0 129.83906 0.87547
fb: 0.00000 0.89770 -0.50846 0.51335
fb: 0.00000 0.89220 -0.51121 0.51610
target: 0.00000 0.66243
dist/lin/ang/drive_left/drive_right/tv_l/tv_r/av_l/av_r/x/y/theta/t_err: 0.73738 0.00000 5.06409 -0.89220 0.89220 -0.49314 0.49658 -0.49314 0.49658 0 0 137.75129 0.73738
fb: 0.00000 0.89359 0.26169 -0.26659
fb: 0.00000 0.89589 0.26284 -0.26774
target: 0.00000 0.50971
dist/lin/ang/drive_left/drive_right/tv_l/tv_r/av_l/av_r/x/y/theta/t_err: 0.60041 0.00000 3.89658 -0.89589 0.89589 -0.43511 0.42486 -0.43511 0.42486 0 0 145.59897 0.60041
fb: 0.00000 0.89533 0.57757 -0.58247
fb: 0.00000 0.88683 0.57332 -0.57822
target: 0.00000 0.35480
dist/lin/ang/drive_left/drive_right/tv_l/tv_r/av_l/av_r/x/y/theta/t_err: 0.46309 0.00000 2.71235 -0.88683 0.88683 0.10419 -0.14597 0.10419 -0.14597 0 0 153.46691 0.46309
fb: 0.00000 0.84949 0.74574 -0.75063
fb: 0.00000 0.79138 0.71669 -0.72158
target: 0.00000 0.20722
dist/lin/ang/drive_left/drive_right/tv_l/tv_r/av_l/av_r/x/y/theta/t_err: 0.32873 0.00000 1.58416 -0.79138 0.79138 0.43169 -0.26847 0.43169 -0.26847 0 0 161.16544 0.32873
fb: 0.00000 0.72442 0.82288 -0.82778
fb: 0.00000 0.66206 0.79170 -0.79660
target: 0.00000 0.09289
dist/lin/ang/drive_left/drive_right/tv_l/tv_r/av_l/av_r/x/y/theta/t_err: 0.21013 0.00000 0.71012 -0.66206 0.66206 0.36531 -0.32406 0.36531 -0.32406 0 0 167.96041 0.21013
fb: 0.00000 0.58723 0.73845 -0.74335
fb: 0.00000 0.49797 0.69382 -0.69872
target: 0.00000 0.00601
dist/lin/ang/drive_left/drive_right/tv_l/tv_r/av_l/av_r/x/y/theta/t_err: 0.11147 0.00000 0.04596 -0.49797 0.49797 0.37250 -0.30236 0.37250 -0.30236 0 0 173.61348 0.11147
fb: 0.00000 0.40022 0.62306 -0.62795
fb: 0.00000 0.31647 0.58118 -0.58608
target: 0.00000 -0.04415
dist/lin/ang/drive_left/drive_right/tv_l/tv_r/av_l/av_r/x/y/theta/t_err: 0.03885 0.00000 -0.33754 -0.31647 0.31647 0.35539 -0.27481 0.35539 -0.27481 0 0 177.77391 0.03885
fb: 0.00000 0.25885 0.44585 -0.45074
fb: 0.00000 0.19760 0.29435 -0.29924
target: 0.00000 -0.06535
dist/lin/ang/drive_left/drive_right/tv_l/tv_r/av_l/av_r/x/y/theta/t_err: -0.00786 0.00000 -0.49960 -0.19760 0.19760 0.42008 -0.25358 0.42008 -0.25358 0 0 180.45006 -0.00786
fb: 0.00000 0.13350 0.17820 -0.18310
fb: 0.00000 0.07037 0.17820 -0.18310
target: 0.00000 -0.07395
dist/lin/ang/drive_left/drive_right/tv_l/tv_r/av_l/av_r/x/y/theta/t_err: -0.03574 0.00000 -0.56536 -0.07037 0.07037 0.25958 -0.26092 0.25958 -0.26092 0 0 182.04795 -0.03574
fb: 0.00000 0.01610 0.12728 -0.13218
fb: 0.00000 -0.02634 0.12728 -0.13218
target: 0.00000 -0.06065
dist/lin/ang/drive_left/drive_right/tv_l/tv_r/av_l/av_r/x/y/theta/t_err: -0.04450 0.00000 -0.46365 0.02634 -0.02634 0.15878 -0.17144 0.15878 -0.17144 0 0 182.54951 -0.04450
fb: 0.00000 -0.05532 -0.05826 0.06315
fb: 0.00000 -0.06947 -0.05826 0.06315
target: 0.00000 -0.03849
dist/lin/ang/drive_left/drive_right/tv_l/tv_r/av_l/av_r/x/y/theta/t_err: -0.03954 0.00000 -0.29421 0.06947 -0.06947 0.06161 -0.08761 0.06161 -0.08761 0 0 182.26553 -0.03954
fb: 0.00000 -0.07191 -0.11298 0.11787
fb: 0.00000 -0.06654 -0.11298 0.11787
target: 0.00000 -0.01958
dist/lin/ang/drive_left/drive_right/tv_l/tv_r/av_l/av_r/x/y/theta/t_err: -0.02888 0.00000 -0.14972 0.06654 -0.06654 -0.06619 0.05886 -0.06619 0.05886 0 0 181.65458 -0.02888
fb: 0.00000 -0.05999 -0.11095 0.11585
fb: 0.00000 -0.05428 -0.11095 0.11585
target: 0.00000 -0.00923
dist/lin/ang/drive_left/drive_right/tv_l/tv_r/av_l/av_r/x/y/theta/t_err: -0.01892 0.00000 -0.07053 0.05428 -0.05428 -0.10817 0.10506 -0.10817 0.10506 0 0 181.08382 -0.01892
fb: 0.00000 -0.04515 -0.07945 0.08435
fb: 0.00000 -0.03010 -0.07945 0.08435
final error was -0.62882
position: -0.33102 -0.57525 180.62882
took 0.78000 time to finish turn
WARNING - pros.serial.terminal.terminal:stop - Stopping terminal - pros-cli version:3.5.6

[tomas@nixbtw:~/projects/Robotics/current/Cognex]$

