
[tomas@nixbtw:~/projects/Robotics/current/Cognex]$ t
Not sending analytics for this command.

Established terminal connection



         _+=+_
      .-`  .  `-.          8888888b.  8888888b.   .d88888b.   .d8888b.
   _+`     "     `+_       888   Y88b 888   Y88b d88P" "Y88b d88P  Y88b
  \\\sssssssssssss///      888    888 888    888 888     888 Y88b.
     .ss\  *  /ss.         888   d88P 888   d88P 888     888  "Y888b.
 .+bm  .s  *  s.  md+.     8888888P"  8888888P"  888     888     "Y88b.
.hMMMMs .  *  . sMMMMh.    888        888 T88b   888     888       "888
 `\hMMMb \ | / dMMMh:      888        888  T88b  Y88b. .d88P Y88b  d88P
   -SNMNo  -  oNMNs-       888        888   T88b  "Y88888P"   "Y8888P"
     `+dMh\./dMd/
        `:yNy:`                      Powered by PROS for VEX V5
           "                Copyright (c) Purdue University ACM SIGBots
Version:        4.2.1     Platform:  V1.1.5 (b18)     Uptime:    0.000 s
Compiled:   Jan  1 1980 00:00:00     Directory:


bouncing done
health done
auton done
calibrated!
starting task: 2318299
initializing odom model
timed correctly: 2321171
initializing pf model
initializing smoother model
start is 0.000 0.000
dist/lin/ang/drive_left/drive_right/tv_l/tv_r/av_l/av_r/x/y/theta/t_err: 0.60960 0.08636 -0.00000 0.00000 0.00000 0.00000 -0.00033 0.00000 -0.00033 0.00000 0.00000 0.00002 -0.00000
target: 0.08636 -0.00000
target: 0.08636 -0.00000
fb: 0.00000 0.00000 0.24370 0.24859
fb: 0.00000 0.00000 0.24370 0.24859
dist/lin/ang/drive_left/drive_right/tv_l/tv_r/av_l/av_r/x/y/theta/t_err: 0.60960 0.17272 0.00001 0.00000 0.00000 0.02686 0.02669 0.02686 0.02669 0.00000 0.00000 -0.00000 0.00000
target: 0.17272 0.00000
target: 0.17272 0.00000
fb: 0.00000 0.00000 0.27564 0.28055
fb: 0.00000 0.00000 0.27564 0.28055
dist/lin/ang/drive_left/drive_right/tv_l/tv_r/av_l/av_r/x/y/theta/t_err: 0.60960 0.25908 0.00002 0.00000 0.00000 0.21628 0.21594 0.21628 0.21594 0.00000 0.00000 -0.00003 0.00000
target: 0.25908 0.00000
target: 0.25908 0.00000
fb: 0.02339 0.00000 0.42544 0.43035
fb: 0.08142 0.00105 0.39642 0.40133
dist/lin/ang/drive_left/drive_right/tv_l/tv_r/av_l/av_r/x/y/theta/t_err: 0.60913 0.34544 -0.00052 0.08038 0.08247 0.24689 0.28764 0.24689 0.28764 0.01842 0.00000 0.00073 -0.00001
target: 0.34544 -0.00007
target: 0.34544 -0.00007
fb: 0.13173 0.00432 0.44677 0.45094
fb: 0.15336 0.00766 0.43596 0.44013
dist/lin/ang/drive_left/drive_right/tv_l/tv_r/av_l/av_r/x/y/theta/t_err: 0.60650 0.43180 -0.01197 0.14569 0.16102 0.36736 0.37867 0.36736 0.37867 0.12214 0.00001 0.01780 -0.00031
target: 0.43180 -0.00157
target: 0.43180 -0.00157
fb: 0.16682 0.01164 0.51179 0.50110
fb: 0.21713 0.00989 0.48664 0.47594
dist/lin/ang/drive_left/drive_right/tv_l/tv_r/av_l/av_r/x/y/theta/t_err: 0.60316 0.51816 -0.06099 0.20723 0.22702 0.41394 0.41492 0.41394 0.41492 0.25350 0.00014 0.09942 -0.00174
target: 0.51816 -0.00798
target: 0.51816 -0.00798
fb: 0.28311 0.00202 0.76912 0.70603
fb: 0.32393 -0.00369 0.74871 0.68561
dist/lin/ang/drive_left/drive_right/tv_l/tv_r/av_l/av_r/x/y/theta/t_err: 0.59750 0.60452 -0.07075 0.32762 0.32024 0.44881 0.43925 0.44881 0.43925 0.47641 0.00069 0.16410 -0.00289
target: 0.60452 -0.00926
target: 0.60452 -0.00926
fb: 0.38792 -0.00481 0.77313 0.75461
fb: 0.43823 -0.00390 0.74797 0.72946
dist/lin/ang/drive_left/drive_right/tv_l/tv_r/av_l/av_r/x/y/theta/t_err: 0.58974 0.69088 -0.02100 0.44213 0.43433 0.48542 0.42878 0.48542 0.42878 0.78186 0.00148 0.13171 -0.00236
target: 0.69088 -0.00275
target: 0.69088 -0.00275
fb: 0.42852 -0.00460 0.79210 0.85244
fb: 0.49450 -0.00857 0.75911 0.81945
dist/lin/ang/drive_left/drive_right/tv_l/tv_r/av_l/av_r/x/y/theta/t_err: 0.58117 0.77724 -0.01284 0.50307 0.48593 0.48406 0.50511 0.48406 0.50511 1.11928 0.00216 0.09889 -0.00182
target: 0.77724 -0.00168
target: 0.77724 -0.00168
fb: 0.59755 -0.01407 0.81003 0.82289
fb: 0.56643 -0.01087 0.82559 0.83845
dist/lin/ang/drive_left/drive_right/tv_l/tv_r/av_l/av_r/x/y/theta/t_err: 0.56922 0.86360 0.03394 0.57730 0.55556 0.55269 0.52617 0.55269 0.52617 1.58979 0.00266 0.00998 -0.00029
target: 0.86360 0.00444
target: 0.86360 0.00444
fb: 0.57791 -0.00390 0.87168 0.93829
fb: 0.69044 -0.00258 0.81541 0.88202
dist/lin/ang/drive_left/drive_right/tv_l/tv_r/av_l/av_r/x/y/theta/t_err: 0.55766 0.94996 0.04567 0.69302 0.68787 0.58092 0.46714 0.58092 0.46714 2.04483 0.00238 -0.06184 0.00097
target: 0.94996 0.00597
target: 0.94996 0.00597
fb: 0.71935 -0.00530 0.89923 0.92670
fb: 0.73303 -0.00934 0.89239 0.91986
dist/lin/ang/drive_left/drive_right/tv_l/tv_r/av_l/av_r/x/y/theta/t_err: 0.54327 1.03632 0.03516 0.74237 0.72369 0.59594 0.55064 0.59594 0.55064 2.61125 0.00165 -0.09063 0.00150
target: 1.03632 0.00460
target: 1.03632 0.00460
fb: 0.81666 -0.01575 0.94326 0.94277
fb: 0.77959 -0.01812 0.96179 0.96130
dist/lin/ang/drive_left/drive_right/tv_l/tv_r/av_l/av_r/x/y/theta/t_err: 0.52694 1.12268 0.09122 0.79771 0.76147 0.62044 0.55458 0.62044 0.55458 3.25429 0.00016 -0.18732 0.00326
target: 1.12268 0.01193
target: 1.12268 0.01193
fb: 0.81247 -0.01874 0.97992 1.00000
fb: 0.90183 -0.01665 0.93524 1.00000
dist/lin/ang/drive_left/drive_right/tv_l/tv_r/av_l/av_r/x/y/theta/t_err: 0.51069 1.20904 0.15929 0.91849 0.88518 0.64936 0.52186 0.64936 0.52186 3.89402 -0.00286 -0.34119 0.00610
target: 1.20904 0.02084
target: 1.20904 0.02084
fb: 0.87469 -0.01428 1.00000 1.00000
fb: 0.90956 -0.01721 0.99701 1.00000
dist/lin/ang/drive_left/drive_right/tv_l/tv_r/av_l/av_r/x/y/theta/t_err: 0.49320 1.29540 0.19174 0.92677 0.89235 0.62044 0.58897 0.62044 0.58897 4.58273 -0.00779 -0.47622 0.00871
target: 1.29540 0.02508
target: 1.29540 0.02508
fb: 0.85528 -0.02209 1.00000 1.00000
fb: 0.92500 -0.02174 1.00000 1.00000
dist/lin/ang/drive_left/drive_right/tv_l/tv_r/av_l/av_r/x/y/theta/t_err: 0.47609 1.38176 0.24891 0.94674 0.90327 0.53097 0.79836 0.53097 0.79836 5.25615 -0.01422 -0.63355 0.01182
target: 1.38176 0.03256
target: 1.38176 0.03256
fb: 1.02982 -0.01205 1.00000 1.00000
fb: 1.04924 0.00258 1.00000 1.00000
dist/lin/ang/drive_left/drive_right/tv_l/tv_r/av_l/av_r/x/y/theta/t_err: 0.45550 1.46812 0.30711 1.04666 1.05181 0.52856 0.85453 0.52856 0.85453 6.06696 -0.02442 -0.79592 0.01525
target: 1.46812 0.04017
target: 1.46812 0.04017
fb: 1.10925 0.02007 1.00000 1.00000
fb: 1.11521 0.03797 1.00000 1.00000
dist/lin/ang/drive_left/drive_right/tv_l/tv_r/av_l/av_r/x/y/theta/t_err: 0.43332 1.52018 0.20602 1.07724 1.15319 0.81156 0.85708 0.81156 0.85708 6.94031 -0.03634 -0.72993 0.01487
target: 1.52018 0.02695
target: 1.52018 0.02695
fb: 1.10947 0.04982 1.00000 1.00000
fb: 1.15581 0.04404 1.00000 1.00000
dist/lin/ang/drive_left/drive_right/tv_l/tv_r/av_l/av_r/x/y/theta/t_err: 0.41113 1.49374 -0.00402 1.11178 1.19985 0.85039 0.85039 0.85039 0.85039 7.81387 -0.04499 -0.37413 0.00931
target: 1.49374 -0.00053
target: 1.49374 -0.00053
fb: 0.83784 0.03804 1.00000 0.77715
fb: 1.22378 0.03115 0.82609 0.58419
dist/lin/ang/drive_left/drive_right/tv_l/tv_r/av_l/av_r/x/y/theta/t_err: 0.39437 1.47748 -0.11314 1.19263 1.25492 0.86667 0.78283 0.86667 0.78283 8.47358 -0.04756 0.00201 0.00303
target: 1.47748 -0.01480
target: 1.47748 -0.01480
fb: 1.65605 0.02048 0.58597 0.44375
fb: 1.34006 0.01101 0.74396 0.60174
dist/lin/ang/drive_left/drive_right/tv_l/tv_r/av_l/av_r/x/y/theta/t_err: 0.36125 1.41815 -0.12283 1.32906 1.35107 0.57425 0.58092 0.57425 0.58092 9.77755 -0.04475 0.24866 -0.00119
target: 1.41815 -0.01607
target: 1.41815 -0.01607
fb: 1.24518 0.00237 0.50742 0.48051
fb: 1.25886 -0.00125 0.50058 0.47367
dist/lin/ang/drive_left/drive_right/tv_l/tv_r/av_l/av_r/x/y/theta/t_err: 0.33635 1.36499 -0.07999 1.26012 1.25761 0.63497 0.54414 0.63497 0.54414 10.75800 -0.03965 0.33083 -0.00278
target: 1.36499 -0.01046
target: 1.36499 -0.01046
fb: 1.02982 -0.00662 0.55671 0.59911
fb: 0.33540 -0.00780 0.90392 0.94632
dist/lin/ang/drive_left/drive_right/tv_l/tv_r/av_l/av_r/x/y/theta/t_err: 0.31575 1.32320 -0.02783 0.34321 0.32760 0.53319 0.50819 0.53319 0.50819 11.56887 -0.03503 0.30266 -0.00246
target: 1.32320 -0.00364
target: 1.32320 -0.00364
fb: 1.59603 -0.00711 0.27090 0.33337
fb: 1.94710 -0.00718 0.09537 0.15784
dist/lin/ang/drive_left/drive_right/tv_l/tv_r/av_l/av_r/x/y/theta/t_err: 0.28383 1.25668 0.00736 1.95427 1.93992 0.69367 0.69608 0.69367 0.69608 12.82557 -0.02960 0.23046 -0.00137
target: 1.25668 0.00096
target: 1.25668 0.00096
fb: 0.35107 -0.00634 0.74081 0.78942
fb: 0.00000 -0.00334 0.91634 0.96496
dist/lin/ang/drive_left/drive_right/tv_l/tv_r/av_l/av_r/x/y/theta/t_err: 0.27681 1.24324 0.02475 0.00334 -0.00334 0.33878 0.39114 0.33878 0.39114 13.10200 -0.02858 0.16413 -0.00024
target: 1.24324 0.00324
target: 1.24324 0.00324
fb: 2.37783 -0.00188 -0.18159 -0.16068
fb: 2.94801 -0.00098 -0.46669 -0.44578
dist/lin/ang/drive_left/drive_right/tv_l/tv_r/av_l/av_r/x/y/theta/t_err: 0.22925 1.13133 0.01747 2.94898 2.94703 0.47997 0.43083 0.47997 0.43083 14.97430 -0.02396 0.13559 0.00029
target: 1.13133 0.00229
target: 1.13133 0.00229
fb: 1.30520 -0.00216 -0.12592 -0.13542
fb: 1.33234 0.00000 -0.13949 -0.14900
dist/lin/ang/drive_left/drive_right/tv_l/tv_r/av_l/av_r/x/y/theta/t_err: 0.20315 1.06464 0.01218 1.33234 1.33234 -0.06775 -0.07736 -0.06775 -0.07736 16.00201 -0.02158 0.12649 0.00049
target: 1.06464 0.00159
target: 1.06464 0.00159
fb: 1.11499 -0.01519 0.20662 0.20827
fb: 0.51767 -0.02780 0.50528 0.50693
dist/lin/ang/drive_left/drive_right/tv_l/tv_r/av_l/av_r/x/y/theta/t_err: 0.18085 1.00313 0.04169 0.54547 0.48987 -0.01592 -0.08314 -0.01592 -0.08314 16.87996 -0.01985 0.08142 0.00137
target: 1.00313 0.00545
target: 1.00313 0.00545
fb: 0.00000 -0.01972 0.70575 0.75350
fb: 0.00000 0.00000 0.70575 0.75350
dist/lin/ang/drive_left/drive_right/tv_l/tv_r/av_l/av_r/x/y/theta/t_err: 0.18085 0.99732 0.16626 0.00000 0.00000 0.40844 0.40739 0.40844 0.40739 16.87996 -0.01985 -0.13101 0.00507
target: 0.99732 0.02175
target: 0.99732 0.02175
fb: 0.00000 0.00697 0.85636 1.00000
fb: 0.00000 0.00314 0.85636 1.00000
dist/lin/ang/drive_left/drive_right/tv_l/tv_r/av_l/av_r/x/y/theta/t_err: 0.18085 0.99753 0.06820 -0.00314 0.00314 0.67997 0.68836 0.67997 0.68836 16.87996 -0.01985 -0.12321 0.00494
target: 0.99753 0.00892
target: 0.99753 0.00892
fb: 0.00000 0.00446 1.00000 0.92250
fb: 3.02370 0.01672 -0.60959 -0.71718
dist/lin/ang/drive_left/drive_right/tv_l/tv_r/av_l/av_r/x/y/theta/t_err: 0.18085 0.99843 0.04876 3.00697 3.04042 0.79428 0.77494 0.79428 0.77494 16.87996 -0.01985 -0.09009 0.00436
target: 0.99843 0.00638
target: 0.99843 0.00638
fb: 3.26598 0.01916 -0.77172 -0.79015
fb: 0.24228 0.01986 0.85817 0.84953
dist/lin/ang/drive_left/drive_right/tv_l/tv_r/av_l/av_r/x/y/theta/t_err: 0.11553 0.80348 0.05127 0.22243 0.26214 0.07889 0.00769 0.07889 0.00769 19.45159 -0.02234 0.04888 0.00406
target: 0.80348 0.00671
target: 0.80348 0.00671
fb: 0.00000 0.02097 -0.11287 -0.10518
fb: 1.68540 0.00996 -0.95557 -0.94788
dist/lin/ang/drive_left/drive_right/tv_l/tv_r/av_l/av_r/x/y/theta/t_err: 0.11553 0.80348 -0.06517 1.67543 1.69536 0.17369 0.12439 0.17369 0.12439 19.45159 -0.02234 0.22875 0.00092
target: 0.80348 -0.00853
target: 0.80348 -0.00853
fb: 1.68540 0.00105 -0.09554 -0.24831
fb: 0.78533 -0.00662 0.47254 0.32956
dist/lin/ang/drive_left/drive_right/tv_l/tv_r/av_l/av_r/x/y/theta/t_err: 0.08182 0.67619 -0.03248 0.79195 0.77871 -0.24539 -0.21833 -0.24539 -0.21833 20.77866 -0.01641 0.29518 -0.00024
target: 0.67619 -0.00425
target: 0.67619 -0.00425
fb: 0.78533 -0.00669 -0.36132 -0.33288
fb: 0.00000 -0.01003 0.14939 0.18762
dist/lin/ang/drive_left/drive_right/tv_l/tv_r/av_l/av_r/x/y/theta/t_err: 0.06612 0.60783 0.03284 0.01003 -0.01003 0.16478 0.05647 0.16478 0.05647 21.39702 -0.01334 0.24247 0.00068
target: 0.60783 0.00430
target: 0.60783 0.00430
fb: 0.00000 -0.01832 0.29797 0.38601
fb: 0.00000 -0.03017 0.29797 0.38601
dist/lin/ang/drive_left/drive_right/tv_l/tv_r/av_l/av_r/x/y/theta/t_err: 0.06612 0.60783 0.08300 0.03017 -0.03017 0.14903 0.12969 0.14903 0.12969 21.39702 -0.01334 0.13635 0.00253
target: 0.60783 0.01086
target: 0.60783 0.01086
fb: 0.00000 -0.03121 0.57591 0.65489
fb: 0.00000 -0.02892 0.57591 0.65489
dist/lin/ang/drive_left/drive_right/tv_l/tv_r/av_l/av_r/x/y/theta/t_err: 0.06611 0.60782 0.21541 0.02892 -0.02892 0.31964 0.38719 0.31964 0.38719 21.39702 -0.01334 -0.12288 0.00706
target: 0.60782 0.02818
target: 0.60782 0.02818
fb: 0.00000 -0.02989 0.51586 0.71488
fb: 0.00000 -0.02390 0.51586 0.71488
dist/lin/ang/drive_left/drive_right/tv_l/tv_r/av_l/av_r/x/y/theta/t_err: 0.06611 0.60781 0.28253 0.02390 -0.02390 0.51658 0.56106 0.51658 0.56106 21.39702 -0.01334 -0.38430 0.01162
target: 0.60781 0.03696
target: 0.60781 0.03696
fb: 0.00000 -0.01059 0.54837 0.68230
fb: 0.00000 -0.00460 0.54837 0.68230
dist/lin/ang/drive_left/drive_right/tv_l/tv_r/av_l/av_r/x/y/theta/t_err: 0.06611 0.60780 0.28849 0.00460 -0.00460 0.49144 0.57953 0.49144 0.57953 21.39702 -0.01334 -0.55841 0.01466
target: 0.60780 0.03774
target: 0.60780 0.03774
fb: 0.00000 -0.00153 0.58384 0.64681
fb: 0.00000 0.00446 0.58384 0.64681
dist/lin/ang/drive_left/drive_right/tv_l/tv_r/av_l/av_r/x/y/theta/t_err: 0.06611 0.60780 0.23521 -0.00446 0.00446 0.52822 0.45019 0.52822 0.45019 21.39702 -0.01334 -0.59133 0.01523
target: 0.60780 0.03077
target: 0.60780 0.03077
fb: 0.00000 0.01219 0.62342 0.60731
fb: 0.00000 0.00327 0.62342 0.60731
dist/lin/ang/drive_left/drive_right/tv_l/tv_r/av_l/av_r/x/y/theta/t_err: 0.06611 0.60780 0.17755 -0.00327 0.00327 0.56842 0.57169 0.56842 0.57169 21.39702 -0.01334 -0.52852 0.01413
target: 0.60780 0.02323
target: 0.60780 0.02323
fb: 0.00000 -0.00195 0.63109 0.59971
fb: 0.00000 0.00599 0.63109 0.59971
dist/lin/ang/drive_left/drive_right/tv_l/tv_r/av_l/av_r/x/y/theta/t_err: 0.06611 0.60780 0.18412 -0.00599 0.00599 0.60625 0.56056 0.60625 0.56056 21.39702 -0.01334 -0.49830 0.01361
target: 0.60780 0.02408
target: 0.60780 0.02408
fb: 0.00000 0.01630 0.59270 0.63808
fb: 0.00000 0.00620 0.59270 0.63808
dist/lin/ang/drive_left/drive_right/tv_l/tv_r/av_l/av_r/x/y/theta/t_err: 0.06611 0.60781 0.14539 -0.00620 0.00620 0.57650 0.53711 0.57650 0.53711 21.39702 -0.01334 -0.42299 0.01229
target: 0.60781 0.01902
target: 0.60781 0.01902
fb: 0.00000 -0.00627 0.62278 0.60804
fb: 5.75811 -0.00864 -1.00000 -1.00000
dist/lin/ang/drive_left/drive_right/tv_l/tv_r/av_l/av_r/x/y/theta/t_err: 0.06611 0.60781 0.15944 5.76675 5.74947 0.57903 0.57200 0.57903 0.57200 21.39702 -0.01334 -0.39571 0.01182
target: 0.60781 0.02086
target: 0.60781 0.02086
fb: 5.75811 -0.00996 -1.00000 -1.00000
fb: 0.78555 -0.01317 0.19768 0.24756
dist/lin/ang/drive_left/drive_right/tv_l/tv_r/av_l/av_r/x/y/theta/t_err: -0.04905 -0.52355 0.22810 0.79872 0.77238 0.00378 -0.00836 0.00378 -0.00836 25.93084 -0.04626 -0.47803 0.01325
target: -0.52355 0.02984
target: -0.52355 0.02984
fb: 0.78555 -0.01477 -1.00000 -1.00000
fb: 0.79305 -0.02599 -1.00000 -1.00000
dist/lin/ang/drive_left/drive_right/tv_l/tv_r/av_l/av_r/x/y/theta/t_err: -0.06476 -0.60158 0.27740 0.81904 0.76706 0.01986 0.07292 0.01986 0.07292 26.54936 -0.05172 -0.60165 0.01541
target: -0.60158 0.03629
target: -0.60158 0.03629
fb: 0.79305 -0.03254 -1.00000 -1.00000
fb: 0.64587 -0.02899 -1.00000 -1.00000
dist/lin/ang/drive_left/drive_right/tv_l/tv_r/av_l/av_r/x/y/theta/t_err: -0.08063 -0.67123 0.37743 0.67485 0.61688 -0.38656 -0.31517 -0.38656 -0.31517 27.17377 -0.05878 -0.82499 0.01931
target: -0.67123 0.04937
target: -0.67123 0.04937
fb: 0.64587 -0.02710 -1.00000 -1.00000
fb: 0.45390 -0.02299 -1.00000 -1.00000
dist/lin/ang/drive_left/drive_right/tv_l/tv_r/av_l/av_r/x/y/theta/t_err: -0.09354 -0.72300 0.46047 0.47689 0.43090 -0.53608 -0.58589 -0.53608 -0.58589 27.68227 -0.06672 -1.08679 0.02388
target: -0.72300 0.06023
target: -0.72300 0.06023
fb: 0.45390 -0.01115 -1.00000 -1.00000
fb: 0.00000 0.00098 -1.00000 -0.84096
dist/lin/ang/drive_left/drive_right/tv_l/tv_r/av_l/av_r/x/y/theta/t_err: -0.10262 -0.75727 0.46281 -0.00098 0.00098 -0.49350 -0.46850 -0.49350 -0.46850 28.03959 -0.07383 -1.25588 0.02683
target: -0.75727 0.06054
target: -0.75727 0.06054
fb: 0.00000 0.00864 -0.92785 -0.84947
fb: 0.00000 0.00711 -0.92785 -0.84947
dist/lin/ang/drive_left/drive_right/tv_l/tv_r/av_l/av_r/x/y/theta/t_err: -0.10262 -0.75727 0.37387 -0.00711 0.00711 -0.42639 -0.32236 -0.42639 -0.32236 28.03959 -0.07383 -1.23389 0.02645
target: -0.75727 0.04891
target: -0.75727 0.04891
fb: 0.00000 0.00794 -0.72926 -0.77393
fb: 0.00000 0.01003 -0.72926 -0.77393
dist/lin/ang/drive_left/drive_right/tv_l/tv_r/av_l/av_r/x/y/theta/t_err: -0.10262 -0.75727 0.33899 -0.01003 0.01003 -0.34872 -0.37953 -0.34872 -0.37953 28.03959 -0.07383 -1.16937 0.02532
target: -0.75727 0.04434
target: -0.75727 0.04434
fb: 0.00000 0.00063 -0.75802 -0.74517
fb: 0.02516 0.00000 -0.77060 -0.75775
dist/lin/ang/drive_left/drive_right/tv_l/tv_r/av_l/av_r/x/y/theta/t_err: -0.10262 -0.75727 0.32343 0.02516 0.02516 -0.55800 -0.38006 -0.55800 -0.38006 28.03959 -0.07383 -1.10597 0.02421
target: -0.75727 0.04231
target: -0.75727 0.04231
fb: 0.02516 0.01289 -0.78061 -0.74774
fb: -0.25596 0.01693 -0.64005 -0.60718
dist/lin/ang/drive_left/drive_right/tv_l/tv_r/av_l/av_r/x/y/theta/t_err: -0.10313 -0.75912 0.33063 -0.27290 -0.23903 -0.41272 -0.40567 -0.41272 -0.40567 28.05940 -0.07421 -1.07629 0.02370
target: -0.75912 0.04325
target: -0.75912 0.04325
fb: -0.25596 0.01059 -0.66319 -0.60225
fb: -0.29480 0.00871 -0.64377 -0.58283
dist/lin/ang/drive_left/drive_right/tv_l/tv_r/av_l/av_r/x/y/theta/t_err: -0.09801 -0.74004 0.25234 -0.30351 -0.28609 -0.47464 -0.49397 -0.47464 -0.49397 27.85788 -0.07056 -0.94395 0.02139
target: -0.74004 0.03301
target: -0.74004 0.03301
fb: -0.29480 0.01616 -0.48545 -0.53887
fb: -0.43823 0.01400 -0.41374 -0.46716
dist/lin/ang/drive_left/drive_right/tv_l/tv_r/av_l/av_r/x/y/theta/t_err: -0.09211 -0.71743 0.24109 -0.45223 -0.42422 -0.48661 -0.45411 -0.48661 -0.45411 27.62579 -0.06682 -0.84385 0.01964
target: -0.71743 0.03154
target: -0.71743 0.03154
fb: -0.43823 0.01282 -0.41752 -0.39398
fb: -0.40932 0.01198 -0.43197 -0.40843
dist/lin/ang/drive_left/drive_right/tv_l/tv_r/av_l/av_r/x/y/theta/t_err: -0.08334 -0.68244 0.20417 -0.42131 -0.39734 -0.40022 -0.41800 -0.40022 -0.41800 27.28076 -0.06192 -0.72696 0.01760
target: -0.68244 0.02671
target: -0.68244 0.02671
fb: -0.40932 0.00690 -0.33223 -0.34534
fb: -0.46736 0.00334 -0.30321 -0.31632
dist/lin/ang/drive_left/drive_right/tv_l/tv_r/av_l/av_r/x/y/theta/t_err: -0.07516 -0.64806 0.19371 -0.47070 -0.46401 -0.41033 -0.36669 -0.41033 -0.36669 26.95848 -0.05799 -0.63780 0.01604
target: -0.64806 0.02534
target: -0.64806 0.02534
fb: -0.46736 0.00481 -0.28896 -0.27273
fb: -0.47707 0.01038 -0.28410 -0.26788
dist/lin/ang/drive_left/drive_right/tv_l/tv_r/av_l/av_r/x/y/theta/t_err: -0.06581 -0.60642 0.20879 -0.48745 -0.46668 -0.31042 -0.29636 -0.31042 -0.29636 26.59051 -0.05395 -0.60325 0.01544
target: -0.60642 0.02731
target: -0.60642 0.02731
fb: -0.47707 0.01247 -0.23353 -0.18454
fb: -0.46162 0.01324 -0.24125 -0.19227
dist/lin/ang/drive_left/drive_right/tv_l/tv_r/av_l/av_r/x/y/theta/t_err: -0.05627 -0.56073 0.15934 -0.47486 -0.44838 -0.27667 -0.23439 -0.27667 -0.23439 26.21488 -0.05012 -0.50966 0.01381
target: -0.56073 0.02084
target: -0.56073 0.02084
fb: -0.46162 0.01463 -0.14111 -0.17674
fb: 0.00000 0.01623 -0.37192 -0.40755
dist/lin/ang/drive_left/drive_right/tv_l/tv_r/av_l/av_r/x/y/theta/t_err: -0.04703 -0.51266 0.11703 -0.01623 0.01623 -0.23117 -0.18756 -0.23117 -0.18756 25.85142 -0.04708 -0.38905 0.01170
target: -0.51266 0.01531
target: -0.51266 0.01531
fb: 0.00000 0.01094 -0.31909 -0.35369
fb: 0.00000 -0.00174 -0.31909 -0.35369
dist/lin/ang/drive_left/drive_right/tv_l/tv_r/av_l/av_r/x/y/theta/t_err: -0.04703 -0.51265 0.08564 0.00174 -0.00174 -0.29894 -0.32647 -0.29894 -0.32647 25.85142 -0.04708 -0.26718 0.00957
target: -0.51265 0.01120
target: -0.51265 0.01120
fb: 0.00000 -0.00077 -0.51500 -0.54224
fb: 0.00000 -0.00286 -0.51500 -0.54224
dist/lin/ang/drive_left/drive_right/tv_l/tv_r/av_l/av_r/x/y/theta/t_err: -0.04703 -0.51265 0.13819 0.00286 -0.00286 -0.34753 -0.40072 -0.34753 -0.40072 25.85142 -0.04708 -0.26628 0.00956
target: -0.51265 0.01808
target: -0.51265 0.01808
fb: 0.00000 0.00125 -0.56906 -0.48827
fb: 0.00000 -0.00530 -0.56906 -0.48827
dist/lin/ang/drive_left/drive_right/tv_l/tv_r/av_l/av_r/x/y/theta/t_err: -0.04703 -0.51265 0.14714 0.00530 -0.00530 -0.48850 -0.48544 -0.48850 -0.48544 25.85142 -0.04708 -0.27868 0.00977
target: -0.51265 0.01925
target: -0.51265 0.01925
fb: 0.00000 -0.00676 -0.54418 -0.51316
fb: 0.00000 0.00669 -0.54418 -0.51316
dist/lin/ang/drive_left/drive_right/tv_l/tv_r/av_l/av_r/x/y/theta/t_err: -0.04703 -0.51265 0.17004 -0.00669 0.00669 -0.53028 -0.47056 -0.53028 -0.47056 25.85142 -0.04708 -0.31975 0.01049
target: -0.51265 0.02224
target: -0.51265 0.02224
fb: 0.00000 0.00000 -0.55442 -0.50295
fb: 0.00000 0.00864 -0.55442 -0.50295
dist/lin/ang/drive_left/drive_right/tv_l/tv_r/av_l/av_r/x/y/theta/t_err: -0.04703 -0.51265 0.12740 -0.00864 0.00864 -0.53181 -0.49400 -0.53181 -0.49400 25.85142 -0.04708 -0.28389 0.00987
target: -0.51265 0.01667
target: -0.51265 0.01667
fb: 0.00000 0.02167 -0.51207 -0.54524
fb: 0.00000 0.02731 -0.51207 -0.54524
dist/lin/ang/drive_left/drive_right/tv_l/tv_r/av_l/av_r/x/y/theta/t_err: -0.04703 -0.51264 0.06557 -0.02731 0.02731 -0.52617 -0.49039 -0.52617 -0.49039 25.85142 -0.04708 -0.17151 0.00790
target: -0.51264 0.00858
target: -0.51264 0.00858
fb: 0.00000 0.01310 -0.49531 -0.56191
fb: 0.00000 0.00195 -0.49531 -0.56191
dist/lin/ang/drive_left/drive_right/tv_l/tv_r/av_l/av_r/x/y/theta/t_err: -0.04703 -0.51262 -0.01017 -0.00195 0.00195 -0.49522 -0.52275 -0.49522 -0.52275 25.85142 -0.04708 0.00948 0.00474
target: -0.51262 -0.00133
target: -0.51262 -0.00133
fb: 0.00000 0.00098 -0.48043 -0.57669
fb: 0.00000 0.00362 -0.48043 -0.57669
dist/lin/ang/drive_left/drive_right/tv_l/tv_r/av_l/av_r/x/y/theta/t_err: -0.04703 -0.51262 0.05011 -0.00362 0.00362 -0.47997 -0.54311 -0.47997 -0.54311 25.85142 -0.04708 0.03660 0.00427
target: -0.51262 0.00655
target: -0.51262 0.00655
fb: 0.00000 -0.00376 -0.56585 -0.49140
fb: 0.00000 -0.00718 -0.56585 -0.49140
dist/lin/ang/drive_left/drive_right/tv_l/tv_r/av_l/av_r/x/y/theta/t_err: -0.04703 -0.51262 0.05902 0.00718 -0.00718 -0.47003 -0.53917 -0.47003 -0.53917 25.85142 -0.04708 0.04084 0.00420
target: -0.51262 0.00772
target: -0.51262 0.00772
fb: 0.00000 -0.01561 -0.53640 -0.52087
fb: 0.00000 -0.01519 -0.53640 -0.52087
dist/lin/ang/drive_left/drive_right/tv_l/tv_r/av_l/av_r/x/y/theta/t_err: -0.04703 -0.51263 0.12119 0.01519 -0.01519 -0.53697 -0.48953 -0.53697 -0.48953 25.85142 -0.04708 -0.04666 0.00572
target: -0.51263 0.01585
target: -0.51263 0.01585
fb: 0.00000 -0.01394 -0.57325 -0.48411
fb: 0.00000 -0.00878 -0.57325 -0.48411
dist/lin/ang/drive_left/drive_right/tv_l/tv_r/av_l/av_r/x/y/theta/t_err: -0.04703 -0.51264 0.17553 0.00878 -0.00878 -0.52650 -0.49947 -0.52650 -0.49947 25.85142 -0.04708 -0.18086 0.00807
target: -0.51264 0.02296
target: -0.51264 0.02296
fb: 0.00000 -0.00397 -0.57343 -0.48399
fb: 0.00000 -0.00516 -0.57343 -0.48399
dist/lin/ang/drive_left/drive_right/tv_l/tv_r/av_l/av_r/x/y/theta/t_err: -0.04703 -0.51265 0.16283 0.00516 -0.00516 -0.55303 -0.47433 -0.55303 -0.47433 25.85142 -0.04708 -0.24738 0.00923
target: -0.51265 0.02130
target: -0.51265 0.02130
fb: 0.00000 0.00056 -0.53283 -0.52455
fb: 0.00000 0.00634 -0.53283 -0.52455
dist/lin/ang/drive_left/drive_right/tv_l/tv_r/av_l/av_r/x/y/theta/t_err: -0.04703 -0.51265 0.15612 -0.00634 0.00634 -0.55269 -0.47892 -0.55269 -0.47892 25.85142 -0.04708 -0.27975 0.00979
target: -0.51265 0.02042
target: -0.51265 0.02042
fb: 0.00000 0.01143 -0.53576 -0.52159
fb: -11.65964 0.01589 1.00000 1.00000
dist/lin/ang/drive_left/drive_right/tv_l/tv_r/av_l/av_r/x/y/theta/t_err: -0.04703 -0.51264 0.09985 -11.67553 -11.64375 -0.52600 -0.50683 -0.52600 -0.50683 25.85142 -0.04708 -0.21861 0.00873
target: -0.51264 0.01306
target: -0.51264 0.01306
fb: -11.65964 0.01484 1.00000 1.00000
fb: -0.96759 0.01665 0.10023 -0.07187
dist/lin/ang/drive_left/drive_right/tv_l/tv_r/av_l/av_r/x/y/theta/t_err: 0.18616 1.01995 0.03681 -0.98424 -0.95094 -0.09497 -0.08522 -0.09497 -0.08522 16.67065 -0.01737 -0.08847 0.00645
target: 1.01995 0.00481
target: 1.01995 0.00481
fb: -0.96759 0.01568 1.00000 1.00000
fb: 0.00000 0.01902 1.00000 1.00000
dist/lin/ang/drive_left/drive_right/tv_l/tv_r/av_l/av_r/x/y/theta/t_err: 0.20552 1.07165 -0.00729 -0.01902 0.01902 0.08489 0.04328 0.08489 0.04328 15.90876 -0.01667 0.05786 0.00390
target: 1.07165 -0.00095
target: 1.07165 -0.00095
fb: 0.00000 0.01449 1.00000 1.00000
fb: 0.00000 0.00725 1.00000 1.00000
dist/lin/ang/drive_left/drive_right/tv_l/tv_r/av_l/av_r/x/y/theta/t_err: 0.20552 1.07165 -0.04399 -0.00725 0.00725 0.48031 0.45500 0.48031 0.45500 15.90876 -0.01667 0.20371 0.00136
target: 1.07165 -0.00575
target: 1.07165 -0.00575
fb: 0.00000 0.00355 1.00000 1.00000
fb: 0.00000 -0.00139 1.00000 1.00000
dist/lin/ang/drive_left/drive_right/tv_l/tv_r/av_l/av_r/x/y/theta/t_err: 0.20552 1.07165 -0.02063 0.00139 -0.00139 0.45225 0.45414 0.45225 0.45414 15.90876 -0.01667 0.26213 0.00034
target: 1.07165 -0.00270
target: 1.07165 -0.00270
fb: 0.00000 -0.00153 1.00000 1.00000
fb: 0.00000 -0.01045 1.00000 1.00000
dist/lin/ang/drive_left/drive_right/tv_l/tv_r/av_l/av_r/x/y/theta/t_err: 0.20552 1.07165 0.01359 0.01045 -0.01045 0.47789 0.48303 0.47789 0.48303 15.90876 -0.01667 0.24948 0.00056
target: 1.07165 0.00178
target: 1.07165 0.00178
fb: 0.00000 -0.00516 1.00000 1.00000
fb: 0.00000 -0.00244 1.00000 1.00000
dist/lin/ang/drive_left/drive_right/tv_l/tv_r/av_l/av_r/x/y/theta/t_err: 0.20552 1.07165 0.05466 0.00244 -0.00244 0.51556 0.44947 0.51556 0.44947 15.90876 -0.01667 0.18189 0.00174
target: 1.07165 0.00715
target: 1.07165 0.00715
fb: 0.00000 0.00864 1.00000 1.00000
fb: -2.91116 0.01345 1.00000 1.00000
dist/lin/ang/drive_left/drive_right/tv_l/tv_r/av_l/av_r/x/y/theta/t_err: 0.20552 1.07165 0.01650 -2.92461 -2.89771 0.62181 0.42519 0.62181 0.42519 15.90876 -0.01667 0.19447 0.00152
target: 1.07165 0.00216
target: 1.07165 0.00216
fb: -2.91116 0.01693 1.00000 1.00000
fb: 0.00000 0.01456 1.00000 1.00000
dist/lin/ang/drive_left/drive_right/tv_l/tv_r/av_l/av_r/x/y/theta/t_err: 0.26374 1.21399 -0.06618 -0.01456 0.01456 0.69794 0.47414 0.69794 0.47414 13.61653 -0.02556 0.32236 -0.00072
target: 1.21399 -0.00866
target: 1.21399 -0.00866
fb: 0.00000 0.00655 1.00000 1.00000
fb: 0.05428 -0.00195 1.00000 1.00000
dist/lin/ang/drive_left/drive_right/tv_l/tv_r/av_l/av_r/x/y/theta/t_err: 0.26374 1.21399 -0.08239 0.05623 0.05233 0.73456 0.52103 0.73456 0.52103 13.61653 -0.02556 0.42682 -0.00254
target: 1.21399 -0.01078
target: 1.21399 -0.01078
fb: 0.05428 -0.00509 1.00000 1.00000
fb: 0.22507 -0.00537 1.00000 1.00000
dist/lin/ang/drive_left/drive_right/tv_l/tv_r/av_l/av_r/x/y/theta/t_err: 0.26265 1.21149 -0.02535 0.23044 0.21971 0.76586 0.57836 0.76586 0.57836 13.65927 -0.02524 0.41019 -0.00225
target: 1.21149 -0.00332
target: 1.21149 -0.00332
fb: 0.22507 -0.00620 1.00000 1.00000
fb: 0.32393 -0.00752 0.95928 1.00000
dist/lin/ang/drive_left/drive_right/tv_l/tv_r/av_l/av_r/x/y/theta/t_err: 0.25815 1.20106 -0.00014 0.33145 0.31640 0.75906 0.62097 0.75906 0.62097 13.83649 -0.02401 0.36309 -0.00143
target: 1.20106 -0.00002
target: 1.20106 -0.00002
fb: 0.32393 -0.01784 0.93463 0.97013
fb: 0.49648 -0.02348 0.84835 0.88385
dist/lin/ang/drive_left/drive_right/tv_l/tv_r/av_l/av_r/x/y/theta/t_err: 0.25167 1.18590 0.04315 0.51996 0.47300 0.51144 0.56467 0.51144 0.56467 14.09155 -0.02246 0.27049 0.00019
target: 1.18590 0.00564
target: 1.18590 0.00564
fb: 0.49648 -0.01073 0.80114 0.86551
fb: 0.72707 -0.00056 0.68584 0.75021
dist/lin/ang/drive_left/drive_right/tv_l/tv_r/av_l/av_r/x/y/theta/t_err: 0.24175 1.16227 0.11532 0.72763 0.72652 0.57031 0.39989 0.57031 0.39989 14.48247 -0.02095 0.10720 0.00304
target: 1.16227 0.01509
target: 1.16227 0.01509
fb: 0.72707 -0.00063 0.60714 0.71814
fb: 0.76414 -0.01212 0.58860 0.69960
dist/lin/ang/drive_left/drive_right/tv_l/tv_r/av_l/av_r/x/y/theta/t_err: 0.22720 1.12677 0.04992 0.77627 0.75202 0.56294 0.57425 0.56294 0.57425 15.05497 -0.01992 0.09872 0.00319
target: 1.12677 0.00653
target: 1.12677 0.00653
fb: 0.76414 -0.02564 0.59550 0.53304
fb: 0.79128 -0.02299 0.58193 0.51947
dist/lin/ang/drive_left/drive_right/tv_l/tv_r/av_l/av_r/x/y/theta/t_err: 0.21192 1.08821 0.14117 0.81428 0.76829 0.56928 0.57183 0.56928 0.57183 15.65666 -0.01909 -0.03901 0.00559
target: 1.08821 0.01847
target: 1.08821 0.01847
fb: 0.79128 -0.01380 0.43436 0.57229
fb: 0.84557 -0.00787 0.40722 0.54515
dist/lin/ang/drive_left/drive_right/tv_l/tv_r/av_l/av_r/x/y/theta/t_err: 0.19609 1.04679 0.20594 0.85344 0.83769 0.55458 0.52222 0.55458 0.52222 16.27972 -0.02011 -0.22013 0.00875
target: 1.04679 0.02694
target: 1.04679 0.02694
fb: 0.84557 -0.01038 0.36790 0.48598
fb: 0.89985 -0.01003 0.34076 0.45884
dist/lin/ang/drive_left/drive_right/tv_l/tv_r/av_l/av_r/x/y/theta/t_err: 0.17918 1.00062 0.18060 0.90988 0.88982 0.42383 0.52597 0.42383 0.52597 16.94551 -0.02288 -0.29801 0.01011
target: 1.00062 0.02362
target: 1.00062 0.02362
fb: 0.89985 -0.00509 0.33504 0.34256
fb: 0.90007 0.00188 0.33493 0.34245
dist/lin/ang/drive_left/drive_right/tv_l/tv_r/av_l/av_r/x/y/theta/t_err: 0.16118 0.94904 0.20068 0.89819 0.90195 0.36000 0.44439 0.36000 0.44439 17.65404 -0.02688 -0.37643 0.01148
target: 0.94904 0.02625
target: 0.94904 0.02625
fb: 0.90007 0.00739 0.23774 0.30220
fb: 0.93846 0.01212 0.21854 0.28301
dist/lin/ang/drive_left/drive_right/tv_l/tv_r/av_l/av_r/x/y/theta/t_err: 0.14318 0.89447 0.14703 0.92634 0.95059 0.33914 0.35367 0.33914 0.35367 18.36274 -0.03153 -0.34823 0.01099
target: 0.89447 0.01923
target: 0.89447 0.01923
fb: 0.93846 0.01421 0.20504 0.17326
fb: 0.97178 0.01247 0.18839 0.15660
dist/lin/ang/drive_left/drive_right/tv_l/tv_r/av_l/av_r/x/y/theta/t_err: 0.12441 0.83380 0.08271 0.95931 0.98426 0.24825 0.29417 0.24825 0.29417 19.10168 -0.03570 -0.23709 0.00905
target: 0.83380 0.01082
target: 0.83380 0.01082
fb: 0.97178 0.01094 0.12057 0.06491
fb: 0.90956 0.01268 0.15168 0.09602
dist/lin/ang/drive_left/drive_right/tv_l/tv_r/av_l/av_r/x/y/theta/t_err: 0.10498 0.76591 0.05837 0.89688 0.92224 0.22844 0.19833 0.22844 0.19833 19.86686 -0.03849 -0.13145 0.00720
target: 0.76591 0.00764
target: 0.76591 0.00764
fb: 0.90956 0.01700 -0.07842 -0.10113
fb: 0.79901 0.01512 0.09490 0.08198
dist/lin/ang/drive_left/drive_right/tv_l/tv_r/av_l/av_r/x/y/theta/t_err: 0.08679 0.69641 0.02204 0.78389 0.81413 0.19097 0.10694 0.19097 0.10694 20.58304 -0.03981 -0.01188 0.00512
target: 0.69641 0.00288
target: 0.69641 0.00288
fb: 0.79901 0.00982 -0.08271 -0.12596
fb: 0.77584 0.00000 -0.07112 -0.11438
dist/lin/ang/drive_left/drive_right/tv_l/tv_r/av_l/av_r/x/y/theta/t_err: 0.07081 0.62905 -0.01500 0.77584 0.77584 0.09547 0.05372 0.09547 0.05372 21.21218 -0.03955 0.11752 0.00286
target: 0.62905 -0.00196
target: 0.62905 -0.00196
fb: 0.77584 -0.01010 -0.12025 -0.17088
fb: 0.60306 -0.01826 0.08418 -0.08449
dist/lin/ang/drive_left/drive_right/tv_l/tv_r/av_l/av_r/x/y/theta/t_err: 0.05530 0.55587 0.05609 0.62132 0.58481 -0.04497 -0.08264 -0.04497 -0.08264 21.82308 -0.03823 0.09631 0.00323
target: 0.55587 0.00734
target: 0.55587 0.00734
fb: 0.60306 -0.02146 -0.19367 -0.10459
fb: 0.47707 -0.02439 -0.13067 0.08624
dist/lin/ang/drive_left/drive_right/tv_l/tv_r/av_l/av_r/x/y/theta/t_err: 0.04323 0.49151 0.15850 0.50145 0.45268 0.00669 -0.09392 0.00669 -0.09392 22.29793 -0.03773 -0.06568 0.00606
target: 0.49151 0.02073
target: 0.49151 0.02073
fb: 0.47707 -0.02766 -0.05285 0.17844
fb: 0.32194 -0.03031 0.10276 0.25601
dist/lin/ang/drive_left/drive_right/tv_l/tv_r/av_l/av_r/x/y/theta/t_err: 0.03369 0.43386 0.23918 0.35225 0.29163 -0.10761 0.03764 -0.10761 0.03764 22.67357 -0.03850 -0.28522 0.00989
target: 0.43386 0.03129
target: 0.43386 0.03129
fb: 0.32194 -0.02418 0.07178 0.21357
fb: 0.20367 -0.00732 0.13092 0.27271
dist/lin/ang/drive_left/drive_right/tv_l/tv_r/av_l/av_r/x/y/theta/t_err: 0.02724 0.39016 0.31264 0.21098 0.19635 0.06228 0.20586 0.06228 0.20586 22.92707 -0.04005 -0.53074 0.01417
target: 0.39016 0.04090
target: 0.39016 0.04090
fb: 0.20367 0.00836 0.11859 0.26477
fb: 0.17851 0.01400 0.13116 0.27735
dist/lin/ang/drive_left/drive_right/tv_l/tv_r/av_l/av_r/x/y/theta/t_err: 0.02317 0.35981 0.22570 0.16451 0.19252 0.11550 0.24400 0.11550 0.24400 23.08743 -0.04161 -0.56001 0.01468
target: 0.35981 0.02952
target: 0.35981 0.02952
fb: 0.17851 0.01665 0.23349 0.17558
fb: 0.24626 0.02418 0.19962 0.14171
dist/lin/ang/drive_left/drive_right/tv_l/tv_r/av_l/av_r/x/y/theta/t_err: 0.01960 0.33095 0.12414 0.22208 0.27043 0.14014 0.25700 0.14014 0.25700 23.22798 -0.04291 -0.43123 0.01244
target: 0.33095 0.01624
target: 0.33095 0.01624
fb: 0.24626 0.03219 0.19500 0.10209
fb: 0.00000 0.03832 0.31813 0.22522
dist/lin/ang/drive_left/drive_right/tv_l/tv_r/av_l/av_r/x/y/theta/t_err: 0.01468 0.28641 0.02553 -0.03832 0.03832 0.19042 0.16033 0.19042 0.16033 23.42188 -0.04421 -0.20668 0.00852
target: 0.28641 0.00334
target: 0.28641 0.00334
fb: 0.00000 0.03344 0.25494 0.14821
fb: 0.46537 0.02961 -0.05579 -0.17231
dist/lin/ang/drive_left/drive_right/tv_l/tv_r/av_l/av_r/x/y/theta/t_err: 0.01469 0.28647 -0.09313 0.43576 0.49498 0.26075 0.17794 0.26075 0.17794 23.42188 -0.04421 0.10756 0.00303
target: 0.28647 -0.01218
target: 0.28647 -0.01218
fb: 0.46537 0.02062 0.13370 -0.10525
fb: 0.14541 0.01338 0.29368 0.14256
dist/lin/ang/drive_left/drive_right/tv_l/tv_r/av_l/av_r/x/y/theta/t_err: 0.00538 0.00135 -0.11469 0.13204 0.15879 0.06572 -0.04056 0.06572 -0.04056 23.78831 -0.04310 0.33771 -0.00098
target: 0.00135 -0.01500
target: 0.00135 -0.01500
fb: 0.14541 0.00125 -0.58604 -0.63642
fb: 0.19197 0.00690 -0.68135 -0.73173
dist/lin/ang/drive_left/drive_right/tv_l/tv_r/av_l/av_r/x/y/theta/t_err: 0.00248 0.00062 -0.07539 0.18508 0.19887 0.17317 0.06042 0.17317 0.06042 23.90281 -0.04235 0.42637 -0.00253
target: 0.00062 -0.00986
target: 0.00062 -0.00986
fb: 0.19197 0.00446 -0.15245 -0.12429
fb: 0.23478 -0.00962 -0.17386 -0.14570
dist/lin/ang/drive_left/drive_right/tv_l/tv_r/av_l/av_r/x/y/theta/t_err: -0.00136 -0.00034 -0.07223 0.24440 0.22517 -0.38772 -0.39494 -0.38772 -0.39494 24.05397 -0.04119 0.47791 -0.00343
target: -0.00034 -0.00945
target: -0.00034 -0.00945
fb: 0.23478 -0.02035 -0.15415 -0.16800
fb: 0.11254 -0.02655 0.04145 -0.05044
dist/lin/ang/drive_left/drive_right/tv_l/tv_r/av_l/av_r/x/y/theta/t_err: -0.00606 -0.00151 0.02187 0.13908 0.08599 -0.17300 -0.14869 -0.17300 -0.14869 24.23883 -0.03970 0.37403 -0.00162
target: -0.00151 0.00286
target: -0.00151 0.00286
fb: 0.11254 -0.02606 -0.09925 0.09832
fb: 0.03862 -0.02202 -0.09925 0.09832
final error: 0.32977, x: -0.32744, y: 0.03921
final local error: 0.32977, forwards: -0.32734, sideways: 0.04002
position: 24.32744 -0.03921 0.14288
took 2.20000 time to finish turn
WARNING - pros.serial.terminal.terminal:reader - Connection to /dev/ttyACM1 broken - pros-cli version:3.5.6
WARNING - pros.serial.terminal.terminal:stop - Stopping terminal - pros-cli version:3.5.6

[tomas@nixbtw:~/projects/Robotics/current/Cognex]$ ^C

[tomas@nixbtw:~/projects/Robotics/current/Cognex]$

