
[tomas@nixbtw:~/projects/Robotics/current/Cognex]$ t
Not sending analytics for this command.

Established terminal connection



         _+=+_
      .-`  .  `-.          8888888b.  8888888b.   .d88888b.   .d8888b.
   _+`     "     `+_       888   Y88b 888   Y88b d88P" "Y88b d88P  Y88b
  \\\sssssssssssss///      888    888 888    888 888     888 Y88b.
     .ss\  *  /ss.         888   d88P 888   d88P 888     888  "Y888b.
 .+bm  .s  *  s.  md+.     8888888P"  8888888P"  888     888     "Y88b.
.hMMMMs .  *  . sMMMMh.    888        888 T88b   888     888       "888
 `\hMMMb \ | / dMMMh:      888        888  T88b  Y88b. .d88P Y88b  d88P
   -SNMNo  -  oNMNs-       888        888   T88b  "Y88888P"   "Y8888P"
     `+dMh\./dMd/
        `:yNy:`                      Powered by PROS for VEX V5
           "                Copyright (c) Purdue University ACM SIGBots
Version:        4.2.1     Platform:  V1.1.5 (b18)     Uptime:    0.000 s
Compiled:   Jan  1 1980 00:00:00     Directory:


bouncing done
health done
auton done
calibrated!
starting task: 2318300
initializing odom model
timed correctly: 2321173
initializing pf model
initializing smoother model
start is 0.000 0.000
dist/lin/ang/drive_left/drive_right/tv_l/tv_r/av_l/av_r/x/y/theta/t_err: 0.60960 0.08636 -0.00001 0.00000 0.00000 -0.00033 0.00017 -0.00033 0.00017 0.00000 0.00000 0.00004 -0.00000
target: 0.08636 -0.00000
target: 0.08636 -0.00000
fb: 0.00000 0.00000 0.24370 0.24858
fb: 0.00000 0.00000 0.24370 0.24858
dist/lin/ang/drive_left/drive_right/tv_l/tv_r/av_l/av_r/x/y/theta/t_err: 0.60960 0.17272 0.00002 0.00000 0.00000 0.08161 0.02686 0.08161 0.02686 0.00000 0.00000 -0.00000 0.00000
target: 0.17272 0.00000
target: 0.17272 0.00000
fb: 0.00000 0.00000 0.27563 0.28056
fb: 0.00000 0.00000 0.27563 0.28056
dist/lin/ang/drive_left/drive_right/tv_l/tv_r/av_l/av_r/x/y/theta/t_err: 0.60960 0.25908 0.00010 0.00000 0.00000 0.22178 0.21800 0.22178 0.21800 0.00000 0.00000 -0.00015 0.00000
target: 0.25908 0.00001
target: 0.25908 0.00001
fb: 0.01545 -0.00167 0.42936 0.43437
fb: 0.08716 0.00056 0.39350 0.39851
dist/lin/ang/drive_left/drive_right/tv_l/tv_r/av_l/av_r/x/y/theta/t_err: 0.60929 0.34544 0.00249 0.08660 0.08772 0.27822 0.27000 0.27822 0.27000 0.01216 -0.00000 -0.00370 0.00006
target: 0.34544 0.00033
target: 0.34544 0.00033
fb: 0.13968 0.00000 0.44082 0.44895
fb: 0.15910 -0.00077 0.43111 0.43924
dist/lin/ang/drive_left/drive_right/tv_l/tv_r/av_l/av_r/x/y/theta/t_err: 0.60650 0.43180 -0.00220 0.15986 0.15833 0.37217 0.36769 0.37217 0.36769 0.12214 -0.00000 0.00086 -0.00001
target: 0.43180 -0.00029
target: 0.43180 -0.00029
fb: 0.20367 -0.00230 0.48853 0.48751
fb: 0.21536 -0.00627 0.48268 0.48167
dist/lin/ang/drive_left/drive_right/tv_l/tv_r/av_l/av_r/x/y/theta/t_err: 0.60242 0.51816 0.00822 0.22163 0.20909 0.40503 0.40828 0.40503 0.40828 0.28251 -0.00002 -0.01135 0.00020
target: 0.51816 0.00108
target: 0.51816 0.00108
fb: 0.31025 -0.00704 0.71449 0.73351
fb: 0.38968 -0.00648 0.67477 0.69379
dist/lin/ang/drive_left/drive_right/tv_l/tv_r/av_l/av_r/x/y/theta/t_err: 0.59622 0.60452 0.03891 0.39616 0.38320 0.45156 0.46883 0.45156 0.46883 0.52680 -0.00019 -0.06319 0.00111
target: 0.60452 0.00509
target: 0.60452 0.00509
fb: 0.40337 -0.00481 0.73198 0.78031
fb: 0.43448 0.00000 0.71643 0.76475
dist/lin/ang/drive_left/drive_right/tv_l/tv_r/av_l/av_r/x/y/theta/t_err: 0.58815 0.69088 0.05039 0.43448 0.43448 0.44558 0.46422 0.44558 0.46422 0.84441 -0.00068 -0.11167 0.00198
target: 0.69088 0.00659
target: 0.69088 0.00659
fb: 0.47530 0.00251 0.78499 0.81277
fb: 0.53135 0.00000 0.75697 0.78475
dist/lin/ang/drive_left/drive_right/tv_l/tv_r/av_l/av_r/x/y/theta/t_err: 0.57865 0.77724 0.02719 0.53135 0.53135 0.51111 0.47842 0.51111 0.47842 1.21866 -0.00142 -0.10760 0.00194
target: 0.77724 0.00356
target: 0.77724 0.00356
fb: 0.57018 0.00000 0.83866 0.82163
fb: 0.62447 0.00195 0.81152 0.79448
dist/lin/ang/drive_left/drive_right/tv_l/tv_r/av_l/av_r/x/y/theta/t_err: 0.56724 0.86360 0.02630 0.62252 0.62642 0.54375 0.47364 0.54375 0.47364 1.66763 -0.00224 -0.10277 0.00189
target: 0.86360 0.00344
target: 0.86360 0.00344
fb: 0.62248 0.00000 0.87812 0.88728
fb: 0.62071 -0.00620 0.87900 0.88816
dist/lin/ang/drive_left/drive_right/tv_l/tv_r/av_l/av_r/x/y/theta/t_err: 0.55479 0.94996 0.02124 0.62692 0.61451 0.57956 0.51367 0.57956 0.51367 2.15777 -0.00307 -0.09145 0.00174
target: 0.94996 0.00278
target: 0.94996 0.00278
fb: 0.71163 -0.00962 0.91512 0.91854
fb: 0.77760 -0.00843 0.88213 0.88555
dist/lin/ang/drive_left/drive_right/tv_l/tv_r/av_l/av_r/x/y/theta/t_err: 0.54056 1.03632 0.06797 0.78603 0.76917 0.56417 0.64678 0.56417 0.64678 2.71810 -0.00423 -0.15019 0.00282
target: 1.03632 0.00889
target: 1.03632 0.00889
fb: 0.78555 -0.00432 0.92225 0.99489
fb: 0.75443 -0.00662 0.93780 1.00000
dist/lin/ang/drive_left/drive_right/tv_l/tv_r/av_l/av_r/x/y/theta/t_err: 0.52485 1.12268 0.08739 0.76105 0.74782 0.54106 0.43853 0.54106 0.43853 3.33664 -0.00621 -0.21180 0.00400
target: 1.12268 0.01143
target: 1.12268 0.01143
fb: 0.57018 -0.01289 1.00000 1.00000
fb: 0.21338 -0.01735 1.00000 1.00000
dist/lin/ang/drive_left/drive_right/tv_l/tv_r/av_l/av_r/x/y/theta/t_err: 0.51345 1.20904 0.11147 0.23073 0.19603 0.56364 0.67400 0.56364 0.67400 3.78560 -0.00808 -0.28373 0.00535
target: 1.20904 0.01458
target: 1.20904 0.01458
fb: 0.00000 -0.01853 1.00000 1.00000
fb: 0.00000 -0.00968 1.00000 1.00000
dist/lin/ang/drive_left/drive_right/tv_l/tv_r/av_l/av_r/x/y/theta/t_err: 0.51345 1.29540 0.18342 0.00968 -0.00968 0.64442 0.82442 0.64442 0.82442 3.78560 -0.00808 -0.43722 0.00803
target: 1.29540 0.02399
target: 1.29540 0.02399
fb: 2.04794 0.00000 0.50209 0.62487
fb: 2.04794 0.00982 0.50209 0.62487
dist/lin/ang/drive_left/drive_right/tv_l/tv_r/av_l/av_r/x/y/theta/t_err: 0.47249 1.38176 0.19304 2.03812 2.05776 0.71267 0.74653 0.71267 0.74653 5.39809 -0.02211 -0.50311 0.00997
target: 1.38176 0.02525
target: 1.38176 0.02525
fb: 0.79724 0.01707 1.00000 1.00000
fb: 0.79724 0.01839 1.00000 1.00000
dist/lin/ang/drive_left/drive_right/tv_l/tv_r/av_l/av_r/x/y/theta/t_err: 0.45654 1.46812 0.08689 0.77885 0.81564 0.43942 0.52700 0.43942 0.52700 6.02582 -0.02689 -0.40184 0.00851
target: 1.46812 0.01137
target: 1.46812 0.01137
fb: 0.00000 0.02035 1.00000 1.00000
fb: 0.00000 0.02501 1.00000 1.00000
dist/lin/ang/drive_left/drive_right/tv_l/tv_r/av_l/av_r/x/y/theta/t_err: 0.45654 1.55448 0.00619 -0.02501 0.02501 0.78128 0.80883 0.78128 0.80883 6.02582 -0.02689 -0.23184 0.00554
target: 1.55448 0.00081
target: 1.55448 0.00081
fb: 2.36790 0.02689 0.68351 0.59572
fb: 2.99435 0.02892 0.37028 0.28249
dist/lin/ang/drive_left/drive_right/tv_l/tv_r/av_l/av_r/x/y/theta/t_err: 0.40919 1.50723 -0.05681 2.96543 3.02326 0.75697 0.75167 0.75697 0.75167 7.89030 -0.02923 -0.01463 0.00207
target: 1.50723 -0.00743
target: 1.50723 -0.00743
fb: 1.28203 0.02453 0.64408 0.56605
fb: 1.24695 0.01916 0.66162 0.58359
dist/lin/ang/drive_left/drive_right/tv_l/tv_r/av_l/av_r/x/y/theta/t_err: 0.38355 1.45919 -0.13440 1.22779 1.26611 0.46936 0.39047 0.46936 0.39047 8.89978 -0.02729 0.22345 -0.00209
target: 1.45919 -0.01758
target: 1.45919 -0.01758
fb: 0.59137 0.01310 0.95786 0.84901
fb: 1.13264 0.00920 0.68723 0.57838
dist/lin/ang/drive_left/drive_right/tv_l/tv_r/av_l/av_r/x/y/theta/t_err: 0.37172 1.43029 -0.13990 1.12345 1.14184 0.63414 0.55967 0.63414 0.55967 9.36541 -0.02511 0.37711 -0.00487
target: 1.43029 -0.01830
target: 1.43029 -0.01830
fb: 1.47202 0.00390 0.52577 0.50082
fb: 0.33937 -0.00697 1.00000 1.00000
dist/lin/ang/drive_left/drive_right/tv_l/tv_r/av_l/av_r/x/y/theta/t_err: 0.34228 1.36898 -0.13473 0.34634 0.33241 0.65994 0.60708 0.65994 0.60708 10.52445 -0.01688 0.44367 -0.00649
target: 1.36898 -0.01762
target: 1.36898 -0.01762
fb: 0.00000 -0.01860 1.00000 1.00000
fb: 0.00000 -0.01888 1.00000 1.00000
dist/lin/ang/drive_left/drive_right/tv_l/tv_r/av_l/av_r/x/y/theta/t_err: 0.34228 1.37224 -0.03428 0.01888 -0.01888 0.73814 0.71197 0.73814 0.71197 10.52445 -0.01688 0.35688 -0.00498
target: 1.37224 -0.00448
target: 1.37224 -0.00448
fb: 0.00000 -0.01784 1.00000 1.00000
fb: 0.00000 -0.01303 1.00000 1.00000
dist/lin/ang/drive_left/drive_right/tv_l/tv_r/av_l/av_r/x/y/theta/t_err: 0.34228 1.37823 0.03760 0.01303 -0.01303 0.86392 0.85417 0.86392 0.85417 10.52445 -0.01688 0.19768 -0.00220
target: 1.37823 0.00492
target: 1.37823 0.00492
fb: 0.00000 -0.00669 1.00000 1.00000
fb: 0.00000 -0.00223 1.00000 1.00000
dist/lin/ang/drive_left/drive_right/tv_l/tv_r/av_l/av_r/x/y/theta/t_err: 0.34228 1.38228 0.04209 0.00223 -0.00223 0.87486 0.86511 0.87486 0.86511 10.52445 -0.01688 0.09041 -0.00033
target: 1.38228 0.00551
target: 1.38228 0.00551
fb: 0.00000 -0.00063 1.00000 1.00000
fb: 0.00000 -0.00613 1.00000 1.00000
dist/lin/ang/drive_left/drive_right/tv_l/tv_r/av_l/av_r/x/y/theta/t_err: 0.34228 1.38290 0.00965 0.00613 -0.00613 0.88769 0.88292 0.88769 0.88292 10.52445 -0.01688 0.06957 0.00004
target: 1.38290 0.00126
target: 1.38290 0.00126
fb: 0.00000 -0.01003 1.00000 1.00000
fb: 0.00000 -0.00927 1.00000 1.00000
dist/lin/ang/drive_left/drive_right/tv_l/tv_r/av_l/av_r/x/y/theta/t_err: 0.34228 1.38045 0.04527 0.00927 -0.00927 0.89250 0.88975 0.89250 0.88975 10.52445 -0.01688 0.00471 0.00117
target: 1.38045 0.00592
target: 1.38045 0.00592
fb: 0.00000 -0.00683 1.00000 1.00000
fb: 0.00000 -0.00606 1.00000 1.00000
dist/lin/ang/drive_left/drive_right/tv_l/tv_r/av_l/av_r/x/y/theta/t_err: 0.34228 1.37764 0.06844 0.00606 -0.00606 0.89061 0.88600 0.89061 0.88600 10.52445 -0.01688 -0.06994 0.00247
target: 1.37764 0.00895
target: 1.37764 0.00895
fb: 0.00000 -0.00648 1.00000 1.00000
fb: 0.00000 -0.00495 1.00000 1.00000
dist/lin/ang/drive_left/drive_right/tv_l/tv_r/av_l/av_r/x/y/theta/t_err: 0.34228 1.37576 0.07029 0.00495 -0.00495 0.89797 0.89319 0.89797 0.89319 10.52445 -0.01688 -0.11987 0.00335
target: 1.37576 0.00919
target: 1.37576 0.00919
fb: 0.00000 -0.00683 1.00000 1.00000
fb: 0.00000 -0.00948 1.00000 1.00000
dist/lin/ang/drive_left/drive_right/tv_l/tv_r/av_l/av_r/x/y/theta/t_err: 0.34228 1.37360 0.08794 0.00948 -0.00948 0.90672 0.90194 0.90672 0.90194 10.52445 -0.01688 -0.17708 0.00434
target: 1.37360 0.01150
target: 1.37360 0.01150
fb: 0.00000 -0.00871 1.00000 1.00000
fb: 0.00000 -0.00843 1.00000 1.00000
dist/lin/ang/drive_left/drive_right/tv_l/tv_r/av_l/av_r/x/y/theta/t_err: 0.34228 1.37069 0.11648 0.00843 -0.00843 0.91392 0.90669 0.91392 0.90669 10.52445 -0.01688 -0.25469 0.00570
target: 1.37069 0.01524
target: 1.37069 0.01524
fb: 0.00000 -0.00787 1.00000 1.00000
fb: 0.00000 -0.00690 1.00000 1.00000
dist/lin/ang/drive_left/drive_right/tv_l/tv_r/av_l/av_r/x/y/theta/t_err: 0.34228 1.36787 0.13442 0.00690 -0.00690 0.92056 0.91492 0.92056 0.91492 10.52445 -0.01688 -0.32983 0.00701
target: 1.36787 0.01758
target: 1.36787 0.01758
fb: 16.49649 -0.00794 -1.00000 -1.00000
fb: 16.49649 -0.01003 -1.00000 -1.00000
dist/lin/ang/drive_left/drive_right/tv_l/tv_r/av_l/av_r/x/y/theta/t_err: 0.01263 0.26567 8.34541 16.50653 16.48646 0.76486 0.68444 0.76486 0.68444 23.51353 -0.10308 -0.39594 0.21571
target: 0.26567 1.09166
target: 0.26567 1.09166
fb: 1.75711 -0.00934 -1.00000 1.00000
fb: 1.75711 -0.00843 -1.00000 1.00000
dist/lin/ang/drive_left/drive_right/tv_l/tv_r/av_l/av_r/x/y/theta/t_err: -0.02281 -0.35700 3.18354 1.76554 1.74868 -0.16736 -0.12611 -0.16736 -0.12611 24.89704 -0.11410 -0.47674 0.21712
target: -0.35700 0.41644
target: -0.35700 0.41644
fb: 1.78624 -0.01212 0.13518 -1.00000
fb: 1.78624 -0.02014 0.13117 -1.00000
dist/lin/ang/drive_left/drive_right/tv_l/tv_r/av_l/av_r/x/y/theta/t_err: -0.05854 -0.57193 3.20824 1.80637 1.76610 -0.07394 0.19622 -0.07394 0.19622 26.30346 -0.12730 -0.56371 0.21864
target: -0.57193 0.41967
target: -0.57193 0.41967
fb: 1.58433 -0.02111 -1.00000 -1.00000
fb: 1.58433 -0.01672 -1.00000 -1.00000
dist/lin/ang/drive_left/drive_right/tv_l/tv_r/av_l/av_r/x/y/theta/t_err: -0.09023 -0.71008 3.28611 1.60106 1.56761 0.01058 -0.08161 0.01058 -0.08161 27.55088 -0.14226 -0.73171 0.22157
target: -0.71008 0.42986
target: -0.71008 0.42986
fb: 1.37118 -0.02041 -1.00000 -1.00000
fb: 1.37118 -0.02696 -1.00000 -1.00000
dist/lin/ang/drive_left/drive_right/tv_l/tv_r/av_l/av_r/x/y/theta/t_err: -0.11766 -0.81086 3.31949 1.39814 1.34421 -0.41375 -0.39836 -0.41375 -0.39836 28.63043 -0.15819 -0.88646 0.22427
target: -0.81086 0.43422
target: -0.81086 0.43422
fb: 1.18891 -0.03540 -1.00000 -1.00000
fb: 1.18891 -0.04801 -1.00000 -1.00000
dist/lin/ang/drive_left/drive_right/tv_l/tv_r/av_l/av_r/x/y/theta/t_err: -0.14145 -0.88905 3.42873 1.23692 1.14091 -0.48339 -0.44503 -0.48339 -0.44503 29.56642 -0.17566 -1.14286 0.22875
target: -0.88905 0.44851
target: -0.88905 0.44851
fb: 0.00000 -0.06215 -1.00000 -0.56713
fb: 0.00000 -0.07427 -1.00000 -0.56106
dist/lin/ang/drive_left/drive_right/tv_l/tv_r/av_l/av_r/x/y/theta/t_err: -0.14146 -0.88908 3.62754 0.07427 -0.07427 -0.49178 -0.35589 -0.49178 -0.35589 29.56642 -0.17566 -1.59351 0.23661
target: -0.88908 0.47452
target: -0.88908 0.47452
fb: 0.00000 -0.08612 -1.00000 -0.15935
fb: 0.00000 -0.09901 -1.00000 -0.15291
dist/lin/ang/drive_left/drive_right/tv_l/tv_r/av_l/av_r/x/y/theta/t_err: -0.14145 -0.88907 3.89601 0.09901 -0.09901 -0.47928 -0.32356 -0.47928 -0.32356 29.56642 -0.17566 -2.26816 0.24839
target: -0.88907 0.50964
target: -0.88907 0.50964
fb: 1.80366 -0.11085 -1.00000 -0.96656
fb: 1.80366 -0.10716 -1.00000 -0.96840
dist/lin/ang/drive_left/drive_right/tv_l/tv_r/av_l/av_r/x/y/theta/t_err: -0.17749 -0.99590 4.21895 1.91083 1.69650 -0.46522 -0.22792 -0.46522 -0.22792 30.98478 -0.24815 -3.16358 0.26402
target: -0.99590 0.55188
target: -0.99590 0.55188
fb: 0.10084 -0.08981 -1.00000 -0.56897
fb: 0.10084 -0.08514 -1.00000 -0.57130
dist/lin/ang/drive_left/drive_right/tv_l/tv_r/av_l/av_r/x/y/theta/t_err: -0.17943 -1.00133 4.45253 0.18598 0.01570 -0.49092 -0.41067 -0.49092 -0.41067 31.06400 -0.25349 -4.06911 0.27982
target: -1.00133 0.58243
target: -1.00133 0.58243
fb: 0.00000 -0.09051 -1.00000 -0.13437
fb: 0.00000 -0.08096 -1.00000 -0.13914
dist/lin/ang/drive_left/drive_right/tv_l/tv_r/av_l/av_r/x/y/theta/t_err: -0.17933 -1.00105 4.58657 0.08096 -0.08096 -0.44217 -0.31911 -0.44217 -0.31911 31.06400 -0.25349 -4.83667 0.29322
target: -1.00105 0.59997
target: -1.00105 0.59997
fb: 0.01147 -0.07121 -1.00000 -0.16474
fb: 0.01147 -0.06236 -1.00000 -0.16917
dist/lin/ang/drive_left/drive_right/tv_l/tv_r/av_l/av_r/x/y/theta/t_err: -0.17944 -1.00135 4.73563 0.07383 -0.05089 -0.59392 -0.15397 -0.59392 -0.15397 31.07300 -0.25434 -5.53869 0.30547
target: -1.00135 0.61947
target: -1.00135 0.61947
fb: -0.00375 -0.04773 -1.00000 -0.13984
fb: -0.00375 -0.03003 -1.00000 -0.14869
dist/lin/ang/drive_left/drive_right/tv_l/tv_r/av_l/av_r/x/y/theta/t_err: -0.17926 -1.00084 4.79216 0.02628 -0.03378 -0.70581 -0.14883 -0.70581 -0.14883 31.07006 -0.25403 -6.06499 0.31466
target: -1.00084 0.62686
target: -1.00084 0.62686
fb: 0.00375 -0.01665 -1.00000 -0.20122
fb: 0.00375 -0.00927 -1.00000 -0.20492
dist/lin/ang/drive_left/drive_right/tv_l/tv_r/av_l/av_r/x/y/theta/t_err: -0.17928 -1.00090 4.72915 0.01302 -0.00552 -0.81022 -0.14097 -0.81022 -0.14097 31.07299 -0.25435 -6.30670 0.31887
target: -1.00090 0.61862
target: -1.00090 0.61862
fb: 0.00397 0.00077 -1.00000 -0.29236
fb: 0.00397 0.01449 -1.00000 -0.29923
dist/lin/ang/drive_left/drive_right/tv_l/tv_r/av_l/av_r/x/y/theta/t_err: -0.17935 -1.00110 4.64655 -0.01052 0.01846 -0.86375 -0.19542 -0.86375 -0.19542 31.07610 -0.25470 -6.33987 0.31945
target: -1.00110 0.60782
target: -1.00110 0.60782
fb: 0.00772 0.02885 -1.00000 -0.33321
fb: 0.00772 0.03832 -1.00000 -0.33795
dist/lin/ang/drive_left/drive_right/tv_l/tv_r/av_l/av_r/x/y/theta/t_err: -0.17954 -1.00164 4.51572 -0.03060 0.04604 -0.85964 -0.26917 -0.85964 -0.26917 31.08215 -0.25536 -6.17108 0.31651
target: -1.00164 0.59070
target: -1.00164 0.59070
fb: 0.00000 0.04487 -1.00000 -0.38763
fb: 0.00000 0.05581 -1.00000 -0.39310
dist/lin/ang/drive_left/drive_right/tv_l/tv_r/av_l/av_r/x/y/theta/t_err: -0.17962 -1.00186 4.33688 -0.05581 0.05581 -0.84253 -0.31022 -0.84253 -0.31022 31.08215 -0.25536 -5.80486 0.31012
target: -1.00186 0.56731
target: -1.00186 0.56731
fb: -0.00375 0.07434 -1.00000 -0.45503
fb: -0.00375 0.09100 -1.00000 -0.46336
dist/lin/ang/drive_left/drive_right/tv_l/tv_r/av_l/av_r/x/y/theta/t_err: -0.17965 -1.00194 4.11907 -0.09475 0.08725 -0.71917 -0.37475 -0.71917 -0.37475 31.07921 -0.25508 -5.25712 0.30056
target: -1.00194 0.53882
target: -1.00194 0.53882
fb: -0.00199 0.10340 -1.00000 -0.52625
fb: -0.00199 0.10890 -1.00000 -0.52900
dist/lin/ang/drive_left/drive_right/tv_l/tv_r/av_l/av_r/x/y/theta/t_err: -0.17974 -1.00218 3.78518 -0.11089 0.10692 -0.70464 -0.43942 -0.70464 -0.43942 31.07765 -0.25495 -4.42614 0.28605
target: -1.00218 0.49514
target: -1.00218 0.49514
fb: 0.00000 0.11037 -1.00000 -0.65101
fb: 0.00000 0.10904 -1.00000 -0.65035
dist/lin/ang/drive_left/drive_right/tv_l/tv_r/av_l/av_r/x/y/theta/t_err: -0.17984 -1.00246 3.48200 -0.10904 0.10904 -0.75272 -0.47381 -0.75272 -0.47381 31.07765 -0.25495 -3.46042 0.26920
target: -1.00246 0.45548
target: -1.00246 0.45548
fb: -0.31223 0.11503 -1.00000 -0.52596
fb: -0.31223 0.11817 -1.00000 -0.52752
dist/lin/ang/drive_left/drive_right/tv_l/tv_r/av_l/av_r/x/y/theta/t_err: -0.17364 -0.98504 3.22680 -0.43040 -0.19406 -0.76400 -0.52103 -0.76400 -0.52103 30.83207 -0.24325 -2.47904 0.25207
target: -0.98504 0.42210
target: -0.98504 0.42210
fb: -0.69243 0.11803 -0.82505 -0.26149
fb: -0.69243 0.12110 -0.82352 -0.26303
dist/lin/ang/drive_left/drive_right/tv_l/tv_r/av_l/av_r/x/y/theta/t_err: -0.15979 -0.94493 2.93999 -0.81352 -0.57133 -0.74792 -0.42111 -0.74792 -0.42111 30.28710 -0.22706 -1.44188 0.23397
target: -0.94493 0.38458
target: -0.94493 0.38458
fb: -0.71957 0.12772 -0.61684 -0.18795
fb: -0.71957 0.12848 -0.61646 -0.18833
dist/lin/ang/drive_left/drive_right/tv_l/tv_r/av_l/av_r/x/y/theta/t_err: -0.14533 -0.90118 2.65125 -0.84805 -0.59109 -0.46044 -0.25222 -0.46044 -0.25222 29.72054 -0.22072 -0.36664 0.21520
target: -0.90118 0.34681
target: -0.90118 0.34681
fb: -0.78532 0.13545 -0.48038 -0.14983
fb: -0.78532 0.11984 -0.48818 -0.14203
dist/lin/ang/drive_left/drive_right/tv_l/tv_r/av_l/av_r/x/y/theta/t_err: -0.12951 -0.85069 2.32890 -0.90517 -0.66548 -0.57169 -0.18583 -0.57169 -0.18583 29.10220 -0.22601 0.78149 0.19516
target: -0.85069 0.30464
target: -0.85069 0.30464
fb: -0.72928 0.08236 -0.39285 -0.14742
fb: -0.72928 0.07191 -0.39807 -0.14219
dist/lin/ang/drive_left/drive_right/tv_l/tv_r/av_l/av_r/x/y/theta/t_err: -0.11478 -0.80086 2.17072 -0.80118 -0.65737 -0.46936 -0.15758 -0.46936 -0.15758 28.52817 -0.24143 1.73758 0.17848
target: -0.80086 0.28395
target: -0.80086 0.28395
fb: -0.87271 0.07274 -0.35561 0.17219
fb: -0.87271 0.07191 -0.35603 0.17261
dist/lin/ang/drive_left/drive_right/tv_l/tv_r/av_l/av_r/x/y/theta/t_err: -0.09721 -0.73702 2.14376 -0.94461 -0.80080 -0.40231 -0.08917 -0.40231 -0.08917 27.84152 -0.26811 2.38181 0.16723
target: -0.73702 0.28043
target: -0.73702 0.28043
fb: -0.97156 0.07741 -0.26278 0.40661
fb: -0.97156 0.07943 -0.26177 0.40560
dist/lin/ang/drive_left/drive_right/tv_l/tv_r/av_l/av_r/x/y/theta/t_err: -0.07765 -0.65871 1.97852 -1.05099 -0.89213 -0.35606 0.18000 -0.35606 0.18000 27.07747 -0.30630 3.02924 0.15593
target: -0.65871 0.25881
target: -0.65871 0.25881
fb: -1.08233 0.09998 0.15785 0.47331
fb: -1.08233 0.15015 0.18293 0.44823
dist/lin/ang/drive_left/drive_right/tv_l/tv_r/av_l/av_r/x/y/theta/t_err: -0.05584 -0.55859 1.74550 -1.23248 -0.93218 -0.22897 0.31758 -0.22897 0.31758 26.22690 -0.35944 3.77700 0.14288
target: -0.55859 0.22833
target: -0.55859 0.22833
fb: -0.76414 0.21446 0.31687 0.35296
fb: -0.76414 0.21523 0.31687 0.35296
dist/lin/ang/drive_left/drive_right/tv_l/tv_r/av_l/av_r/x/y/theta/t_err: -0.04021 -0.47402 1.06200 -0.97936 -0.54891 0.16392 0.24794 0.16392 0.24794 25.62733 -0.40984 5.24170 0.11732
target: -0.47402 0.13892
target: -0.47402 0.13892
fb: 0.00000 0.18596 0.10504 -0.59643
fb: 0.00000 0.14625 0.10504 -0.59643
dist/lin/ang/drive_left/drive_right/tv_l/tv_r/av_l/av_r/x/y/theta/t_err: -0.03975 -0.47129 0.46678 -0.14625 0.14625 0.23219 0.27225 0.23219 0.27225 25.62733 -0.40984 7.03212 0.08607
target: -0.47129 0.06106
target: -0.47129 0.06106
fb: 0.00000 0.12785 -0.13412 -0.75795
fb: 0.00000 0.11615 -0.13412 -0.75795
dist/lin/ang/drive_left/drive_right/tv_l/tv_r/av_l/av_r/x/y/theta/t_err: -0.03940 -0.46922 0.37765 -0.11615 0.11615 0.05253 -0.23836 0.05253 -0.23836 25.62733 -0.40984 8.29458 0.06403
target: -0.46922 0.04940
target: -0.46922 0.04940
fb: 0.00000 0.10737 -0.42373 -0.46736
fb: 0.00000 0.09128 -0.42373 -0.46736
dist/lin/ang/drive_left/drive_right/tv_l/tv_r/av_l/av_r/x/y/theta/t_err: -0.03910 -0.46745 0.22478 -0.09128 0.09128 -0.17264 -0.61122 -0.17264 -0.61122 25.62733 -0.40984 9.31534 0.04622
target: -0.46745 0.02940
target: -0.46745 0.02940
fb: -1.62515 0.06382 0.51873 0.38306
fb: -1.62515 0.02508 0.51873 0.38306
dist/lin/ang/drive_left/drive_right/tv_l/tv_r/av_l/av_r/x/y/theta/t_err: -0.00638 -0.00160 0.16379 -1.65024 -1.60007 -0.25256 -0.39492 -0.25256 -0.39492 24.36670 -0.62965 10.04985 0.03340
target: -0.00160 0.02143
target: -0.00160 0.02143
fb: -0.52362 -0.00321 1.00000 1.00000
fb: -0.86300 -0.00543 1.00000 1.00000
dist/lin/ang/drive_left/drive_right/tv_l/tv_r/av_l/av_r/x/y/theta/t_err: 0.00414 0.00103 0.37827 -0.85756 -0.86843 0.20533 0.15947 0.20533 0.15947 23.96091 -0.70267 10.20364 0.03072
target: 0.00103 0.04948
target: 0.00103 0.04948
fb: -0.33937 -0.00613 0.05547 0.37917
fb: -0.22309 -0.01031 -0.08072 0.32102
dist/lin/ang/drive_left/drive_right/tv_l/tv_r/av_l/av_r/x/y/theta/t_err: 0.01091 0.24694 0.47598 -0.21277 -0.23340 0.42742 0.59444 0.42742 0.59444 23.69790 -0.74994 10.15924 0.03149
target: 0.24694 0.06226
target: 0.24694 0.06226
fb: -0.22309 -0.01226 0.75799 0.96135
fb: -0.31223 -0.00725 0.80256 1.00000
dist/lin/ang/drive_left/drive_right/tv_l/tv_r/av_l/av_r/x/y/theta/t_err: 0.01535 0.29283 0.52334 -0.30499 -0.31948 0.05819 0.32664 0.05819 0.32664 23.52499 -0.78085 10.06244 0.03318
target: 0.29283 0.06846
target: 0.29283 0.06846
fb: -0.31223 0.00000 0.46793 0.62031
fb: -0.22287 0.01512 0.42324 0.57563
dist/lin/ang/drive_left/drive_right/tv_l/tv_r/av_l/av_r/x/y/theta/t_err: 0.02157 0.34722 0.51556 -0.23799 -0.20775 0.48067 0.50925 0.48067 0.50925 23.28290 -0.82373 10.01246 0.03405
target: 0.34722 0.06744
target: 0.34722 0.06744
fb: -0.22287 0.03205 0.52070 0.60681
fb: -0.00794 0.02648 0.41324 0.49935
dist/lin/ang/drive_left/drive_right/tv_l/tv_r/av_l/av_r/x/y/theta/t_err: 0.02608 0.38178 0.37606 -0.03442 0.01853 0.37028 0.27481 0.37028 0.27481 23.11010 -0.85431 10.18318 0.03107
target: 0.38178 0.04919
target: 0.38178 0.04919
fb: -0.00794 0.01665 0.49343 0.40001
fb: -0.01743 0.01073 0.49817 0.40475
dist/lin/ang/drive_left/drive_right/tv_l/tv_r/av_l/av_r/x/y/theta/t_err: 0.02630 0.38339 0.30999 -0.02816 -0.00670 0.40519 0.29550 0.40519 0.29550 23.10395 -0.85542 10.38705 0.02751
target: 0.38339 0.04055
target: 0.38339 0.04055
fb: -0.01743 0.00341 0.39623 0.37768
fb: 0.19793 -0.00989 0.28855 0.27000
dist/lin/ang/drive_left/drive_right/tv_l/tv_r/av_l/av_r/x/y/theta/t_err: 0.02668 0.38609 0.34475 0.20783 0.18804 0.42675 0.35831 0.42675 0.35831 23.09045 -0.85791 10.46568 0.02614
target: 0.38609 0.04510
target: 0.38609 0.04510
fb: 0.19793 -0.01212 0.23069 0.33693
fb: 0.31025 -0.01282 0.17454 0.28078
dist/lin/ang/drive_left/drive_right/tv_l/tv_r/av_l/av_r/x/y/theta/t_err: 0.02269 0.35608 0.44278 0.32307 0.29743 0.29308 0.29858 0.29308 0.29858 23.24371 -0.82964 10.37325 0.02775
target: 0.35608 0.05792
target: 0.35608 0.05792
fb: 0.31025 -0.00982 -0.04090 0.23506
fb: 0.36850 -0.00599 -0.07002 0.20593
dist/lin/ang/drive_left/drive_right/tv_l/tv_r/av_l/av_r/x/y/theta/t_err: 0.01645 0.30322 0.47575 0.37449 0.36251 0.14578 0.26178 0.14578 0.26178 23.48403 -0.78578 10.26691 0.02961
target: 0.30322 0.06223
target: 0.30322 0.06223
fb: 0.36850 0.00105 -0.12631 0.07884
fb: 0.32768 0.00578 -0.10590 0.09926
dist/lin/ang/drive_left/drive_right/tv_l/tv_r/av_l/av_r/x/y/theta/t_err: 0.00907 0.22516 0.45395 0.32190 0.33346 -0.05442 0.16236 -0.05442 0.16236 23.76956 -0.73414 10.23124 0.03023
target: 0.22516 0.05938
target: 0.22516 0.05938
fb: 0.32768 0.01031 -0.19004 -0.14103
fb: 0.32790 0.02689 -0.19016 -0.14114
dist/lin/ang/drive_left/drive_right/tv_l/tv_r/av_l/av_r/x/y/theta/t_err: 0.00254 0.00063 0.39474 0.30100 0.35479 -0.11278 0.02467 -0.11278 0.02467 24.02346 -0.68826 10.29455 0.02913
target: 0.00063 0.05164
target: 0.00063 0.05164
fb: 0.32790 0.04090 -0.65121 -0.65662
fb: 0.24427 0.06529 -0.60939 -0.61481
dist/lin/ang/drive_left/drive_right/tv_l/tv_r/av_l/av_r/x/y/theta/t_err: -0.00394 -0.00099 0.24523 0.17898 0.30956 -0.21744 -0.20431 -0.21744 -0.20431 24.27746 -0.64191 10.55148 0.02464
target: -0.00099 0.03208
target: -0.00099 0.03208
fb: 0.24427 0.08041 -0.09874 -0.23666
fb: 0.11254 0.07901 0.10193 -0.11404
dist/lin/ang/drive_left/drive_right/tv_l/tv_r/av_l/av_r/x/y/theta/t_err: -0.00865 -0.21982 -0.05416 0.03352 0.19155 -0.25836 -0.33967 -0.25836 -0.33967 24.46646 -0.60627 11.14837 0.01423
target: -0.21982 -0.00708
target: -0.21982 -0.00708
fb: 0.11254 0.06584 -0.54322 -0.91007
fb: 0.01545 0.04313 -0.49468 -0.86153
final error: 0.80806, x: -0.55335, y: 0.58887
final local error: 0.80806, forwards: -0.42116, sideways: 0.68963
position: 24.55335 -0.58887 11.80640
took 1.58000 time to finish turn
WARNING - pros.serial.terminal.terminal:stop - Stopping terminal - pros-cli version:3.5.6

[tomas@nixbtw:~/projects/Robotics/current/Cognex]$

