
[tomas@nixbtw:~/projects/Robotics/current/Cognex]$ t
Not sending analytics for this command.

Established terminal connection



         _+=+_
      .-`  .  `-.          8888888b.  8888888b.   .d88888b.   .d8888b.
   _+`     "     `+_       888   Y88b 888   Y88b d88P" "Y88b d88P  Y88b
  \\\sssssssssssss///      888    888 888    888 888     888 Y88b.
     .ss\  *  /ss.         888   d88P 888   d88P 888     888  "Y888b.
 .+bm  .s  *  s.  md+.     8888888P"  8888888P"  888     888     "Y88b.
.hMMMMs .  *  . sMMMMh.    888        888 T88b   888     888       "888
 `\hMMMb \ | / dMMMh:      888        888  T88b  Y88b. .d88P Y88b  d88P
   -SNMNo  -  oNMNs-       888        888   T88b  "Y88888P"   "Y8888P"
     `+dMh\./dMd/
        `:yNy:`                      Powered by PROS for VEX V5
           "                Copyright (c) Purdue University ACM SIGBots
Version:        4.2.1     Platform:  V1.1.5 (b18)     Uptime:    0.000 s
Compiled:   Jan  1 1980 00:00:00     Directory:


bouncing done
health done
auton done
calibrated!
starting task: 2318289
initializing odom model
timed correctly: 2321163
initializing pf model
initializing smoother model
start is 0.000 0.000
dist/lin/ang/drive_left/drive_right/tv_l/tv_r/av_l/av_r/x/y/theta/t_err: 0.64257 0.09144 2.57400 0.00000 0.00000 0.00000 -0.00017 0.00000 -0.00017 0.00000 0.00000 -0.00000 0.32175
target: 0.09144 0.33671
fb: 0.00000 0.00000 -1.00000 1.00000
fb: 0.00000 0.00000 -1.00000 1.00000
dist/lin/ang/drive_left/drive_right/tv_l/tv_r/av_l/av_r/x/y/theta/t_err: 0.64257 0.18288 2.57400 0.00000 0.00000 -0.07753 0.09958 -0.07753 0.09958 0.00000 0.00000 0.00001 0.32175
target: 0.18288 0.33671
fb: 0.00000 0.00000 0.16456 0.62737
fb: 0.00000 0.01171 0.16456 0.62737
dist/lin/ang/drive_left/drive_right/tv_l/tv_r/av_l/av_r/x/y/theta/t_err: 0.64257 0.27432 2.57402 -0.01171 0.01171 -0.27686 0.44247 -0.27686 0.44247 0.00000 0.00000 -0.00003 0.32175
target: 0.27432 0.33671
fb: 0.00000 0.05386 0.24867 0.71151
fb: 0.00000 0.07929 0.24867 0.71151
dist/lin/ang/drive_left/drive_right/tv_l/tv_r/av_l/av_r/x/y/theta/t_err: 0.64257 0.36576 2.50411 -0.07929 0.07929 0.11019 0.38961 0.11019 0.38961 0.00000 0.00000 0.21646 0.31797
target: 0.36576 0.32756
fb: 0.00000 0.08549 0.38009 0.74816
fb: 0.00000 0.08605 0.38009 0.74816
dist/lin/ang/drive_left/drive_right/tv_l/tv_r/av_l/av_r/x/y/theta/t_err: 0.64257 0.45720 2.32316 -0.08605 0.08605 0.25000 0.34581 0.25000 0.34581 0.00000 0.00000 0.89975 0.30605
target: 0.45720 0.30389
fb: 0.00000 0.08103 0.54543 0.75059
fb: 0.07569 0.06229 0.50381 0.70896
dist/lin/ang/drive_left/drive_right/tv_l/tv_r/av_l/av_r/x/y/theta/t_err: 0.64257 0.54864 2.20834 0.01340 0.13798 0.36992 0.43581 0.36992 0.43581 0.00000 0.00000 1.64314 0.29307
target: 0.54864 0.28887
fb: 0.18226 0.04243 0.72582 1.00000
fb: 0.24626 0.02557 0.69062 0.97195
dist/lin/ang/drive_left/drive_right/tv_l/tv_r/av_l/av_r/x/y/theta/t_err: 0.63908 0.64008 2.21416 0.22068 0.27183 0.43017 0.40450 0.43017 0.40450 0.14343 0.00485 2.13987 0.28602
target: 0.64008 0.28963
fb: 0.27737 0.01526 0.68987 1.00000
fb: 0.29083 0.01303 0.68247 1.00000
dist/lin/ang/drive_left/drive_right/tv_l/tv_r/av_l/av_r/x/y/theta/t_err: 0.63376 0.73152 2.26922 0.27780 0.30386 0.43322 0.40417 0.43322 0.40417 0.36167 0.01343 2.33917 0.28500
target: 0.73152 0.29684
fb: 0.33739 0.01178 0.71092 1.00000
fb: 0.36850 0.00265 0.69381 1.00000
dist/lin/ang/drive_left/drive_right/tv_l/tv_r/av_l/av_r/x/y/theta/t_err: 0.62728 0.82296 2.29846 0.36585 0.37115 0.58231 0.40569 0.58231 0.40569 0.62709 0.02456 2.45460 0.28600
target: 0.82296 0.30066
fb: 0.39366 -0.00906 0.78048 1.00000
fb: 0.45390 -0.02062 0.74735 1.00000
dist/lin/ang/drive_left/drive_right/tv_l/tv_r/av_l/av_r/x/y/theta/t_err: 0.61973 0.91440 2.35660 0.47452 0.43327 0.57767 0.60419 0.57767 0.60419 0.93677 0.03787 2.44731 0.28971
target: 0.91440 0.30827
fb: 0.47133 -0.02244 0.80353 1.00000
fb: 0.51392 -0.01519 0.78011 1.00000
dist/lin/ang/drive_left/drive_right/tv_l/tv_r/av_l/av_r/x/y/theta/t_err: 0.61071 1.00584 2.45650 0.52910 0.49873 0.58792 0.71217 0.58792 0.71217 1.30758 0.05319 2.27113 0.29721
target: 1.00584 0.32133
fb: 0.57791 -0.00509 0.79945 1.00000
fb: 0.62645 0.00383 0.77275 1.00000
dist/lin/ang/drive_left/drive_right/tv_l/tv_r/av_l/av_r/x/y/theta/t_err: 0.59967 1.07939 2.51709 0.62262 0.63028 0.58400 0.73269 0.58400 0.73269 1.76229 0.07072 2.16398 0.30475
target: 1.07939 0.32926
fb: 0.67875 0.01045 0.76092 1.00000
fb: 0.67478 0.01603 0.76310 1.00000
dist/lin/ang/drive_left/drive_right/tv_l/tv_r/av_l/av_r/x/y/theta/t_err: 0.58673 1.06820 2.54991 0.65875 0.69080 0.63156 0.75936 0.63156 0.75936 2.29635 0.09106 2.21466 0.31080
target: 1.06820 0.33355
fb: 0.70788 0.02181 0.40868 0.91387
fb: 0.79724 0.02571 0.35953 0.86472
dist/lin/ang/drive_left/drive_right/tv_l/tv_r/av_l/av_r/x/y/theta/t_err: 0.57327 1.05932 2.57589 0.77153 0.82295 0.61839 0.60128 0.61839 0.60128 2.85328 0.11331 2.36846 0.31564
target: 1.05932 0.33695
fb: 0.82438 0.02501 0.34706 0.84907
fb: 0.80673 0.02021 0.35677 0.85878
dist/lin/ang/drive_left/drive_right/tv_l/tv_r/av_l/av_r/x/y/theta/t_err: 0.55761 1.04979 2.62188 0.78652 0.82694 0.37817 0.52803 0.37817 0.52803 3.50180 0.14138 2.59150 0.32087
target: 1.04979 0.34297
fb: 0.73104 0.02028 0.37078 0.90436
fb: 0.77959 0.02829 0.34408 0.87766
dist/lin/ang/drive_left/drive_right/tv_l/tv_r/av_l/av_r/x/y/theta/t_err: 0.54374 1.04028 2.66413 0.75130 0.80788 0.35506 0.55111 0.35506 0.55111 4.07679 0.16828 2.77418 0.32612
target: 1.04028 0.34850
fb: 0.88837 0.04250 0.27373 0.81034
fb: 0.84954 0.05065 0.29509 0.83170
dist/lin/ang/drive_left/drive_right/tv_l/tv_r/av_l/av_r/x/y/theta/t_err: 0.52693 1.02992 2.71560 0.79888 0.90019 0.32989 0.60008 0.32989 0.60008 4.77540 0.20367 3.05885 0.33189
target: 1.02992 0.35523
fb: 0.84557 0.06131 0.27400 0.83041
fb: 0.88043 0.06975 0.25483 0.81123
dist/lin/ang/drive_left/drive_right/tv_l/tv_r/av_l/av_r/x/y/theta/t_err: 0.51095 1.02568 2.69908 0.81068 0.95018 0.28933 0.61600 0.28933 0.61600 5.44011 0.24185 3.53333 0.33426
target: 1.02568 0.35307
fb: 0.87072 0.08027 0.32198 0.79627
fb: 0.89985 0.09448 0.30596 0.78025
dist/lin/ang/drive_left/drive_right/tv_l/tv_r/av_l/av_r/x/y/theta/t_err: 0.49450 1.02515 2.67954 0.80537 0.99433 0.28542 0.51606 0.28542 0.51606 6.12418 0.28772 4.16842 0.33456
target: 1.02515 0.35051
fb: 0.94641 0.10173 0.29824 0.76605
fb: 0.89014 0.10869 0.32919 0.79700
dist/lin/ang/drive_left/drive_right/tv_l/tv_r/av_l/av_r/x/y/theta/t_err: 0.47662 1.02839 2.64289 0.78144 0.99883 0.29925 0.58519 0.29925 0.58519 6.86700 0.34716 5.00426 0.33274
target: 1.02839 0.34572
fb: 0.89212 0.11719 0.35954 0.80128
fb: 0.89808 0.12395 0.35626 0.79801
dist/lin/ang/drive_left/drive_right/tv_l/tv_r/av_l/av_r/x/y/theta/t_err: 0.45974 1.03651 2.57814 0.77413 1.02203 0.32100 0.59836 0.32100 0.59836 7.56623 0.41439 5.97221 0.32821
target: 1.03651 0.33725
fb: 0.91154 0.13134 0.39841 0.79635
fb: 0.90558 0.13838 0.40168 0.79963
dist/lin/ang/drive_left/drive_right/tv_l/tv_r/av_l/av_r/x/y/theta/t_err: 0.44246 1.04546 2.50941 0.76721 1.04396 0.34992 0.65861 0.34992 0.65861 8.27931 0.49603 7.07153 0.32193
target: 1.04546 0.32826
fb: 0.79702 0.14646 0.48166 0.86291
fb: 0.88241 0.16165 0.43470 0.81594
dist/lin/ang/drive_left/drive_right/tv_l/tv_r/av_l/av_r/x/y/theta/t_err: 0.42732 1.04524 2.39115 0.72076 1.04406 0.40467 0.73217 0.40467 0.73217 8.90127 0.57968 8.29760 0.31197
target: 1.04524 0.31279
fb: 1.00267 0.17565 0.37122 0.67173
fb: 0.93294 0.18457 0.40957 0.71008
dist/lin/ang/drive_left/drive_right/tv_l/tv_r/av_l/av_r/x/y/theta/t_err: 0.40820 1.04051 2.29855 0.74837 1.11751 0.42025 0.60300 0.42025 0.60300 9.68104 0.70316 9.73937 0.30131
target: 1.04051 0.30067
fb: 0.91154 0.18854 0.39172 0.70526
fb: 0.98325 0.18548 0.35228 0.66582
dist/lin/ang/drive_left/drive_right/tv_l/tv_r/av_l/av_r/x/y/theta/t_err: 0.39075 1.04437 2.13456 0.79777 1.16873 0.39150 0.61514 0.39150 0.61514 10.38662 0.83465 11.35073 0.28639
target: 1.04437 0.27922
fb: 0.97156 0.18311 0.45321 0.65484
fb: 0.95412 0.18555 0.46280 0.66443
dist/lin/ang/drive_left/drive_right/tv_l/tv_r/av_l/av_r/x/y/theta/t_err: 0.37208 1.04400 2.02920 0.76858 1.13967 0.37644 0.60881 0.37644 0.60881 11.13449 0.99558 12.96749 0.27223
target: 1.04400 0.26544
fb: 0.92897 0.18687 0.43406 0.68534
fb: 0.89984 0.18687 0.45008 0.70136
dist/lin/ang/drive_left/drive_right/tv_l/tv_r/av_l/av_r/x/y/theta/t_err: 0.35415 1.04464 1.90178 0.71297 1.08671 0.43600 0.60092 0.43600 0.60092 11.84497 1.16948 14.59102 0.25731
target: 1.04464 0.24877
fb: 0.99296 0.18297 0.42768 0.63048
fb: 0.99296 0.18074 0.42768 0.63048
dist/lin/ang/drive_left/drive_right/tv_l/tv_r/av_l/av_r/x/y/theta/t_err: 0.33490 1.04024 1.79848 0.81222 1.17370 0.43136 0.61653 0.43136 0.61653 12.59861 1.37754 16.21246 0.24326
target: 1.04024 0.23526
fb: 0.95810 0.17760 0.41732 0.62934
fb: 1.00841 0.17726 0.38965 0.60167
dist/lin/ang/drive_left/drive_right/tv_l/tv_r/av_l/av_r/x/y/theta/t_err: 0.31627 1.03418 1.69515 0.83115 1.18566 0.41269 0.60569 0.41269 0.60569 13.31999 1.59827 17.77845 0.22969
target: 1.03418 0.22174
fb: 1.00068 0.17865 0.39052 0.58382
fb: 0.99892 0.17969 0.39149 0.58479
dist/lin/ang/drive_left/drive_right/tv_l/tv_r/av_l/av_r/x/y/theta/t_err: 0.29676 1.02304 1.60504 0.81922 1.17861 0.38600 0.56550 0.38600 0.56550 14.06700 1.84885 19.32808 0.21713
target: 1.02304 0.20995
fb: 0.97553 0.18144 0.37346 0.56541
fb: 0.97553 0.18171 0.37346 0.56541
dist/lin/ang/drive_left/drive_right/tv_l/tv_r/av_l/av_r/x/y/theta/t_err: 0.27768 1.01172 1.49150 0.79381 1.15724 0.38467 0.56294 0.38467 0.56294 14.78835 2.11277 20.90291 0.20385
target: 1.01172 0.19510
fb: 1.03378 0.17928 0.35354 0.49760
fb: 0.99472 0.17656 0.37502 0.51908
dist/lin/ang/drive_left/drive_right/tv_l/tv_r/av_l/av_r/x/y/theta/t_err: 0.25741 0.99439 1.40067 0.81817 1.17128 0.36872 0.53592 0.36872 0.53592 15.54464 2.41376 22.48452 0.19141
target: 0.99439 0.18322
fb: 0.96582 0.17781 0.34483 0.49841
fb: 1.01238 0.17565 0.31922 0.47280
dist/lin/ang/drive_left/drive_right/tv_l/tv_r/av_l/av_r/x/y/theta/t_err: 0.23842 0.97720 1.29759 0.83672 1.18803 0.36069 0.49981 0.36069 0.49981 16.24327 2.71414 24.02931 0.17878
target: 0.97720 0.16974
fb: 0.99097 0.17530 0.33123 0.45191
fb: 0.97178 0.17300 0.34179 0.46247
dist/lin/ang/drive_left/drive_right/tv_l/tv_r/av_l/av_r/x/y/theta/t_err: 0.21889 0.95470 1.21177 0.79877 1.14478 0.33075 0.47142 0.33075 0.47142 16.95171 3.04117 25.56158 0.16697
target: 0.95470 0.15851
fb: 0.95412 0.17091 0.30607 0.43080
fb: 0.95788 0.16868 0.30400 0.42874
dist/lin/ang/drive_left/drive_right/tv_l/tv_r/av_l/av_r/x/y/theta/t_err: 0.20006 0.93029 1.12043 0.78919 1.12656 0.32956 0.45342 0.32956 0.45342 17.62521 3.37403 27.06727 0.15533
target: 0.93029 0.14656
fb: 0.99296 0.16367 0.26482 0.36630
fb: 0.95037 0.16095 0.28825 0.38972
dist/lin/ang/drive_left/drive_right/tv_l/tv_r/av_l/av_r/x/y/theta/t_err: 0.18043 0.89766 1.06216 0.78942 1.11132 0.30031 0.41169 0.30031 0.41169 18.31683 3.73863 28.52260 0.14557
target: 0.89766 0.13894
fb: 0.93471 0.15963 0.21826 0.34678
fb: 0.96185 0.15837 0.20333 0.33185
dist/lin/ang/drive_left/drive_right/tv_l/tv_r/av_l/av_r/x/y/theta/t_err: 0.16192 1.07310 0.99656 0.80348 1.12022 0.26847 0.37439 0.26847 0.37439 18.95910 4.09801 29.92184 0.13649
target: 1.07310 0.13036
fb: 0.89609 0.15712 1.00000 1.00000
fb: 0.93868 0.15377 1.00000 1.00000
dist/lin/ang/drive_left/drive_right/tv_l/tv_r/av_l/av_r/x/y/theta/t_err: 0.14297 1.00837 0.64825 0.78491 1.09245 0.29447 0.44917 0.29447 0.44917 19.56653 4.45697 31.29596 0.11251
target: 1.00837 0.08480
fb: 0.97354 0.14722 0.38193 0.09153
fb: 0.86697 0.14430 0.44055 0.15015
dist/lin/ang/drive_left/drive_right/tv_l/tv_r/av_l/av_r/x/y/theta/t_err: 0.12389 0.93867 0.47309 0.72267 1.01126 0.58606 0.57594 0.58606 0.57594 20.21707 4.86246 32.61835 0.08943
target: 0.93867 0.06188
fb: 0.87844 0.14590 0.26078 0.14169
fb: 0.92125 0.13914 0.23723 0.11815
dist/lin/ang/drive_left/drive_right/tv_l/tv_r/av_l/av_r/x/y/theta/t_err: 0.10663 0.87084 0.30430 0.78211 1.06039 0.37594 0.23153 0.37594 0.23153 20.79541 5.24184 33.89165 0.06721
target: 0.87084 0.03981
fb: 0.89609 0.12556 0.14496 0.12117
fb: 0.90955 0.10814 0.13756 0.11376
dist/lin/ang/drive_left/drive_right/tv_l/tv_r/av_l/av_r/x/y/theta/t_err: 0.08895 0.79537 0.15800 0.80142 1.01769 0.24281 0.16064 0.24281 0.16064 21.37702 5.64130 35.06744 0.04668
target: 0.79537 0.02067
fb: 0.88639 0.09114 -0.06569 -0.11157
fb: 0.83784 0.07386 0.07906 -0.08487
dist/lin/ang/drive_left/drive_right/tv_l/tv_r/av_l/av_r/x/y/theta/t_err: 0.07138 0.71252 0.08042 0.76399 0.91170 0.11497 0.07256 0.11497 0.07256 21.94506 6.04682 35.97503 0.03084
target: 0.71252 0.01052
fb: 0.76988 0.05658 -0.11920 -0.15012
fb: 0.72332 0.04188 -0.09360 -0.12451
dist/lin/ang/drive_left/drive_right/tv_l/tv_r/av_l/av_r/x/y/theta/t_err: 0.05608 0.63154 0.05375 0.68145 0.76520 0.02925 -0.05253 0.02925 -0.05253 22.43377 6.40549 36.57276 0.02041
target: 0.63154 0.00703
fb: 0.71361 0.03484 -0.16676 -0.18163
fb: 0.59931 0.03846 -0.10389 -0.11877
dist/lin/ang/drive_left/drive_right/tv_l/tv_r/av_l/av_r/x/y/theta/t_err: 0.04186 0.54563 0.05321 0.56085 0.63777 -0.08778 -0.11175 -0.08778 -0.11175 22.88401 6.74166 36.91367 0.01446
target: 0.54563 0.00696
fb: 0.51392 0.05024 -0.16436 -0.17057
fb: 0.49648 0.06152 -0.15478 -0.16098
dist/lin/ang/drive_left/drive_right/tv_l/tv_r/av_l/av_r/x/y/theta/t_err: 0.03164 0.47433 -0.00093 0.43496 0.55801 -0.11139 -0.11908 -0.11139 -0.11908 23.20685 6.98563 37.27485 0.00816
target: 0.47433 -0.00012
fb: 0.44220 0.06807 0.10028 0.08381
fb: 0.36453 0.06807 0.14300 0.12653
dist/lin/ang/drive_left/drive_right/tv_l/tv_r/av_l/av_r/x/y/theta/t_err: 0.02287 0.40329 -0.11072 0.29646 0.43260 -0.10542 -0.14525 -0.10542 -0.14525 23.48302 7.19769 37.81986 -0.00135
target: 0.40329 -0.01448
fb: 0.31620 0.06236 0.12284 0.07017
fb: 0.25221 0.05010 0.15804 0.10536
dist/lin/ang/drive_left/drive_right/tv_l/tv_r/av_l/av_r/x/y/theta/t_err: 0.01662 0.34385 -0.19643 0.20212 0.30231 0.11211 0.08847 0.11211 0.08847 23.67896 7.35131 38.39466 -0.01139
target: 0.34385 -0.02570
fb: 0.23280 0.04006 0.13811 0.08367
fb: 0.25023 0.03623 0.12853 0.07409
dist/lin/ang/drive_left/drive_right/tv_l/tv_r/av_l/av_r/x/y/theta/t_err: 0.01202 0.29243 -0.22391 0.21400 0.28646 0.14064 0.10369 0.14064 0.10369 23.82218 7.46571 38.80599 -0.01857
target: 0.29243 -0.02929
fb: 0.24824 0.03379 0.08873 0.05356
fb: 0.25972 0.03094 0.08242 0.04725
dist/lin/ang/drive_left/drive_right/tv_l/tv_r/av_l/av_r/x/y/theta/t_err: 0.00710 0.00178 -0.24971 0.22878 0.29065 0.12336 0.09000 0.12336 0.09000 23.97416 7.58862 39.11935 -0.02404
target: 0.00178 -0.03266
fb: 0.26744 0.02696 -0.74440 -0.79209
fb: 0.26766 0.02090 -0.74453 -0.79221
dist/lin/ang/drive_left/drive_right/tv_l/tv_r/av_l/av_r/x/y/theta/t_err: 0.00179 0.00045 -0.27640 0.24676 0.28856 0.05731 0.06556 0.05731 0.06556 24.13723 7.72187 39.37988 -0.02858
target: 0.00045 -0.03616
WARNING - pros.serial.terminal.terminal:reader - Connection to /dev/ttyACM1 broken - pros-cli version:3.5.6
WARNING - pros.serial.terminal.terminal:stop - Stopping terminal - pros-cli version:3.5.6

[tomas@nixbtw:~/projects/Robotics/current/Cognex]$ t
Not sending analytics for this command.

Established terminal connection



  _____  _____   ____   _____
 |  __ \|  __ \ / __ \ / ____|          Powered by PROS for VEX V5
 | |__) | |__) | |  | | (___      Version:                          4.2.1
 |  ___/|  _  /| |  | |\___ \     Uptime:                        12.996 s
 | |    | | \ \| |__| |____) |    Compiled:          Jan  1 1980 00:00:00
 |_|    |_|  \_\\____/|_____/     Directory:


increased kp to 8.10000
increased kp to 8.20000
increased kp to 8.30000
increased kp to 8.40000
increased kp to 8.50000
increased kp to 8.60000
increased kp to 8.70000
increased kp to 8.80000
increased kp to 8.90000
increased kp to 9.00000
increased kp to 9.10000
increased kp to 9.20000
decreased kd to 4.10000
decreased kd to 4.00000
decreased kd to 3.90000
decreased kd to 3.80000
decreased kd to 3.70000
decreased kd to 3.60000
decreased kd to 3.50000
decreased kd to 3.40000
increased kp to 9.30000
decreased kd to 3.30000
increased kp to 9.40000
increased kp to 9.50000
decreased kd to 3.20000
increased kp to 9.60000
decreased kd to 3.10000
increased kp to 9.70000
decreased kd to 3.00000
increased kp to 9.80000
decreased kd to 2.90000
increased kp to 9.90000
decreased kd to 2.80000
increased kp to 10.00000
increased kp to 10.10000
decreased kd to 2.70000
increased kp to 10.20000
decreased kd to 2.60000
decreased kd to 2.50000
increased kp to 10.30000
decreased kd to 2.40000
increased kp to 10.40000
decreased kd to 2.30000
increased kp to 10.50000
increased kp to 10.60000
decreased kd to 2.20000
increased kp to 10.70000
decreased kd to 2.10000
start is 0.00000 0.00000
dist/lin/ang/drive_left/drive_right/tv_l/tv_r/av_l/av_r/x/y/theta/t_err: 0.64257 0.09144 3.44273 0.00000 0.00000 0.00017 0.00017 0.00017 0.00017 0.00000 0.00000 0.00000 0.32175
target: 0.09144 0.45034
fb: 0.00000 0.00000 -1.00000 1.00000
fb: 0.00000 0.00000 -1.00000 1.00000
dist/lin/ang/drive_left/drive_right/tv_l/tv_r/av_l/av_r/x/y/theta/t_err: 0.64257 0.18288 3.44273 0.00000 0.00000 -0.07119 0.07650 -0.07119 0.07650 0.00000 0.00000 -0.00001 0.32175
target: 0.18288 0.45034
fb: 0.00000 0.00000 0.08842 0.70579
fb: 0.00000 0.01087 0.08842 0.70579
dist/lin/ang/drive_left/drive_right/tv_l/tv_r/av_l/av_r/x/y/theta/t_err: 0.64257 0.27432 3.44273 -0.01087 0.01087 -0.39253 0.36719 -0.39253 0.36719 0.00000 0.00000 -0.00000 0.32175
target: 0.27432 0.45034
fb: 0.00000 0.04578 0.17255 0.78991
fb: 0.00000 0.07581 0.17255 0.78991
dist/lin/ang/drive_left/drive_right/tv_l/tv_r/av_l/av_r/x/y/theta/t_err: 0.64257 0.36576 3.39048 -0.07581 0.07581 0.09719 0.27139 0.09719 0.27139 0.00000 0.00000 0.18768 0.31847
target: 0.36576 0.44351
fb: 0.00000 0.08382 0.29201 0.83856
fb: 0.00000 0.07992 0.29201 0.83856
dist/lin/ang/drive_left/drive_right/tv_l/tv_r/av_l/av_r/x/y/theta/t_err: 0.64257 0.45720 3.22272 -0.07992 0.07992 0.19575 0.25408 0.19575 0.25408 0.00000 0.00000 0.85211 0.30688
target: 0.45720 0.42156
fb: 0.00000 0.06689 0.45883 0.83954
fb: 0.00000 0.04919 0.45883 0.83954
dist/lin/ang/drive_left/drive_right/tv_l/tv_r/av_l/av_r/x/y/theta/t_err: 0.64257 0.54864 3.09959 -0.04919 0.04919 0.31294 0.32936 0.31294 0.32936 0.00000 0.00000 1.51310 0.29534
target: 0.54864 0.40546
fb: 0.02516 0.03275 0.73901 1.00000
fb: 0.10856 0.01756 0.69314 1.00000
dist/lin/ang/drive_left/drive_right/tv_l/tv_r/av_l/av_r/x/y/theta/t_err: 0.64209 0.64008 3.05336 0.09101 0.12612 0.44400 0.28064 0.44400 0.28064 0.01980 0.00063 1.90958 0.28865
target: 0.64008 0.39941
fb: 0.19197 0.00321 0.69393 1.00000
fb: 0.25023 -0.01052 0.66189 1.00000
dist/lin/ang/drive_left/drive_right/tv_l/tv_r/av_l/av_r/x/y/theta/t_err: 0.63841 0.73152 3.08226 0.26075 0.23971 0.39286 0.34339 0.39286 0.34339 0.17087 0.00588 2.02965 0.28825
target: 0.73152 0.40319
fb: 0.27935 -0.01672 0.68698 1.00000
fb: 0.30451 -0.01735 0.67314 1.00000
dist/lin/ang/drive_left/drive_right/tv_l/tv_r/av_l/av_r/x/y/theta/t_err: 0.63306 0.82296 3.15241 0.32186 0.28716 0.46594 0.40108 0.46594 0.40108 0.39070 0.01351 1.92916 0.29252
target: 0.82296 0.41237
fb: 0.35305 -0.01421 0.70389 1.00000
fb: 0.35305 -0.01003 0.70389 1.00000
dist/lin/ang/drive_left/drive_right/tv_l/tv_r/av_l/av_r/x/y/theta/t_err: 0.62630 0.91440 3.22118 0.36309 0.34302 0.52481 0.41767 0.52481 0.41767 0.66855 0.02251 1.78869 0.29824
target: 0.91440 0.42136
fb: 0.40910 -0.01003 0.75572 1.00000
fb: 0.46338 -0.01414 0.72587 1.00000
dist/lin/ang/drive_left/drive_right/tv_l/tv_r/av_l/av_r/x/y/theta/t_err: 0.61849 1.00584 3.27803 0.47753 0.44924 0.60008 0.44233 0.60008 0.44233 0.99053 0.03228 1.70002 0.30369
target: 1.00584 0.42880
fb: 0.47508 -0.01944 0.80934 1.00000
fb: 0.50222 -0.02146 0.79441 1.00000
dist/lin/ang/drive_left/drive_right/tv_l/tv_r/av_l/av_r/x/y/theta/t_err: 0.60943 1.06833 3.36176 0.52368 0.48076 0.57597 0.47964 0.57597 0.47964 1.36445 0.04296 1.56463 0.31073
target: 1.06833 0.43975
fb: 0.51215 -0.02209 0.71003 1.00000
fb: 0.58188 -0.02355 0.67168 1.00000
dist/lin/ang/drive_left/drive_right/tv_l/tv_r/av_l/av_r/x/y/theta/t_err: 0.59969 1.05269 3.46107 0.60543 0.55833 0.59286 0.50342 0.59286 0.50342 1.76759 0.05330 1.37585 0.31927
target: 1.05269 0.45274
fb: 0.63417 -0.02550 0.29749 1.00000
fb: 0.61101 -0.02418 0.31024 1.00000
dist/lin/ang/drive_left/drive_right/tv_l/tv_r/av_l/av_r/x/y/theta/t_err: 0.58767 1.03375 3.58338 0.63518 0.58683 0.52378 0.54053 0.52378 0.54053 2.26682 0.06439 1.16559 0.32975
target: 1.03375 0.46874
fb: 0.63417 -0.01972 0.24184 1.00000
fb: 0.68449 -0.00752 0.21416 1.00000
dist/lin/ang/drive_left/drive_right/tv_l/tv_r/av_l/av_r/x/y/theta/t_err: 0.57569 1.01497 3.69646 0.69201 0.67696 0.31383 0.55475 0.31383 0.55475 2.76608 0.07365 0.97266 0.34029
target: 1.01497 0.48353
fb: 0.68647 0.00780 0.19122 0.99324
fb: 0.71383 0.02195 0.17617 0.97819
dist/lin/ang/drive_left/drive_right/tv_l/tv_r/av_l/av_r/x/y/theta/t_err: 0.56277 0.99988 3.77799 0.69189 0.73578 0.23286 0.45464 0.23286 0.45464 3.30654 0.08255 0.94822 0.34887
target: 0.99988 0.49420
fb: 0.70986 0.03310 0.19003 0.96983
fb: 0.69618 0.03769 0.19755 0.97736
dist/lin/ang/drive_left/drive_right/tv_l/tv_r/av_l/av_r/x/y/theta/t_err: 0.54944 0.99112 3.81316 0.65849 0.73387 0.19111 0.39936 0.19111 0.39936 3.86539 0.09270 1.16390 0.35390
target: 0.99112 0.49880
fb: 0.72729 0.04181 0.22152 0.95389
fb: 0.70589 0.04668 0.23330 0.96566
dist/lin/ang/drive_left/drive_right/tv_l/tv_r/av_l/av_r/x/y/theta/t_err: 0.53581 0.98516 3.84159 0.65921 0.75257 0.19847 0.42264 0.19847 0.42264 4.43791 0.10599 1.50177 0.35734
target: 0.98516 0.50252
fb: 0.71361 0.05902 0.23604 0.96588
fb: 0.75443 0.07023 0.21359 0.94343
dist/lin/ang/drive_left/drive_right/tv_l/tv_r/av_l/av_r/x/y/theta/t_err: 0.52244 0.98212 3.85171 0.68420 0.82467 0.23031 0.48989 0.23031 0.48989 4.99955 0.12282 1.94258 0.35911
target: 0.98212 0.50384
fb: 0.70787 0.08187 0.25778 0.96828
fb: 0.68647 0.09615 0.26955 0.98005
dist/lin/ang/drive_left/drive_right/tv_l/tv_r/av_l/av_r/x/y/theta/t_err: 0.50919 0.98473 3.81827 0.59032 0.78262 0.23428 0.34925 0.23428 0.34925 5.55651 0.14460 2.58154 0.35759
target: 0.98473 0.49947
fb: 0.69441 0.10152 0.31892 0.97306
fb: 0.68272 0.10152 0.32536 0.97949
dist/lin/ang/drive_left/drive_right/tv_l/tv_r/av_l/av_r/x/y/theta/t_err: 0.49616 0.99366 3.74409 0.58120 0.78424 0.26883 0.41425 0.26883 0.41425 6.10254 0.17312 3.42722 0.35244
target: 0.99366 0.48976
fb: 0.71162 0.10249 0.37377 0.96777
fb: 0.67500 0.10702 0.39391 0.98792
dist/lin/ang/drive_left/drive_right/tv_l/tv_r/av_l/av_r/x/y/theta/t_err: 0.48279 1.00337 3.68243 0.56797 0.78202 0.32083 0.48083 0.32083 0.48083 6.66159 0.21101 4.31641 0.34688
target: 1.00337 0.48170
fb: 0.68669 0.11726 0.39798 0.99596
fb: 0.74075 0.11935 0.36825 0.96623
dist/lin/ang/drive_left/drive_right/tv_l/tv_r/av_l/av_r/x/y/theta/t_err: 0.46986 1.01584 3.59866 0.62140 0.86011 0.37353 0.39322 0.37353 0.39322 7.20038 0.25636 5.27790 0.33980
target: 1.01584 0.47074
fb: 0.67875 0.11747 0.44575 1.00000
fb: 0.66529 0.11197 0.45315 1.00000
dist/lin/ang/drive_left/drive_right/tv_l/tv_r/av_l/av_r/x/y/theta/t_err: 0.45704 1.03071 3.50261 0.55332 0.77725 0.37097 0.47706 0.37097 0.47706 7.73210 0.31016 6.30969 0.33145
target: 1.03071 0.45818
fb: 0.73501 0.10242 0.45432 0.98084
fb: 0.72531 0.09176 0.45966 0.98618
dist/lin/ang/drive_left/drive_right/tv_l/tv_r/av_l/av_r/x/y/theta/t_err: 0.44313 1.04017 3.44824 0.63354 0.81707 0.42675 0.38961 0.42675 0.38961 8.30677 0.37879 7.26536 0.32529
target: 1.04017 0.45106
fb: 0.69816 0.08605 0.44228 1.00000
fb: 0.70390 0.07483 0.43912 1.00000
dist/lin/ang/drive_left/drive_right/tv_l/tv_r/av_l/av_r/x/y/theta/t_err: 0.42989 1.03103 3.42220 0.62907 0.77873 0.43222 0.50683 0.43222 0.50683 8.85158 0.45219 8.05722 0.32163
target: 1.03103 0.44766
fb: 0.73303 0.07086 0.32549 0.91654
fb: 0.78753 0.06403 0.29551 0.88656
dist/lin/ang/drive_left/drive_right/tv_l/tv_r/av_l/av_r/x/y/theta/t_err: 0.41598 1.01487 3.43536 0.72350 0.85156 0.40092 0.40486 0.40092 0.40486 9.42257 0.53649 8.70586 0.32125
target: 1.01487 0.44938
fb: 0.76811 0.05888 0.23841 0.87675
fb: 0.75245 0.05985 0.24703 0.88537
dist/lin/ang/drive_left/drive_right/tv_l/tv_r/av_l/av_r/x/y/theta/t_err: 0.40140 0.99308 3.47314 0.69260 0.81230 0.30169 0.39028 0.30169 0.39028 10.01997 0.63093 9.25962 0.32349
target: 0.99308 0.45432
fb: 0.77187 0.06180 0.17502 0.84802
fb: 0.73899 0.05978 0.19310 0.86610
dist/lin/ang/drive_left/drive_right/tv_l/tv_r/av_l/av_r/x/y/theta/t_err: 0.38678 0.96921 3.51445 0.67921 0.79877 0.24247 0.45208 0.24247 0.45208 10.61936 0.73147 9.78597 0.32682
target: 0.96921 0.45972
fb: 0.73877 0.05943 0.15630 0.84028
fb: 0.75046 0.06062 0.14987 0.83384
dist/lin/ang/drive_left/drive_right/tv_l/tv_r/av_l/av_r/x/y/theta/t_err: 0.37279 0.94579 3.55252 0.68984 0.81108 0.19558 0.48169 0.19558 0.48169 11.19213 0.83301 10.30545 0.33030
target: 0.94579 0.46471
fb: 0.75245 0.06710 0.12665 0.81345
fb: 0.77959 0.07302 0.11172 0.79852
dist/lin/ang/drive_left/drive_right/tv_l/tv_r/av_l/av_r/x/y/theta/t_err: 0.35856 0.92129 3.59659 0.70657 0.85261 0.15317 0.39047 0.15317 0.39047 11.77454 0.94176 10.85060 0.33421
target: 0.92129 0.47047
fb: 0.75068 0.08842 0.09235 0.79367
fb: 0.69243 0.10793 0.12439 0.82571
dist/lin/ang/drive_left/drive_right/tv_l/tv_r/av_l/av_r/x/y/theta/t_err: 0.34439 0.89940 3.61164 0.58450 0.80036 0.13519 0.43003 0.13519 0.43003 12.35443 1.05626 11.52906 0.33644
target: 0.89940 0.47244
fb: 0.72531 0.12047 0.11147 0.78149
fb: 0.71758 0.13838 0.11572 0.78574
dist/lin/ang/drive_left/drive_right/tv_l/tv_r/av_l/av_r/x/y/theta/t_err: 0.33069 0.88542 3.55747 0.57921 0.85596 0.13447 0.39833 0.13447 0.39833 12.91302 1.17516 12.49114 0.33378
target: 0.88542 0.46535
fb: 0.66528 0.15092 0.20818 0.78814
fb: 0.68250 0.16214 0.19871 0.77867
dist/lin/ang/drive_left/drive_right/tv_l/tv_r/av_l/av_r/x/y/theta/t_err: 0.31810 0.88080 3.44123 0.52036 0.84463 0.14611 0.63136 0.14611 0.63136 13.42323 1.29387 13.72005 0.32562
target: 0.88080 0.45015
fb: 0.65734 0.18269 0.29226 0.77983
fb: 0.68669 0.20178 0.27612 0.76369
dist/lin/ang/drive_left/drive_right/tv_l/tv_r/av_l/av_r/x/y/theta/t_err: 0.30562 0.88202 3.28670 0.48491 0.88847 0.20603 0.39917 0.20603 0.39917 13.92451 1.42276 15.18900 0.31324
target: 0.88202 0.42993
fb: 0.71559 0.20791 0.32088 0.73675
fb: 0.69044 0.20791 0.33471 0.75059
dist/lin/ang/drive_left/drive_right/tv_l/tv_r/av_l/av_r/x/y/theta/t_err: 0.29197 0.88683 3.08937 0.48252 0.89835 0.27189 0.40586 0.27189 0.40586 14.46599 1.57851 16.95654 0.29680
target: 0.88683 0.40412
fb: 0.67102 0.20673 0.40686 0.73783
fb: 0.63218 0.20443 0.42822 0.75919
dist/lin/ang/drive_left/drive_right/tv_l/tv_r/av_l/av_r/x/y/theta/t_err: 0.27910 0.89459 2.88415 0.42775 0.83661 0.32478 0.45669 0.32478 0.45669 14.96890 1.74046 18.76845 0.27852
target: 0.89459 0.37728
fb: 0.61100 0.20589 0.48174 0.76741
fb: 0.67874 0.20150 0.44448 0.73015
dist/lin/ang/drive_left/drive_right/tv_l/tv_r/av_l/av_r/x/y/theta/t_err: 0.26732 0.90476 2.67135 0.47724 0.88024 0.41064 0.43189 0.41064 0.43189 15.42194 1.90234 20.55831 0.25916
target: 0.90476 0.34944
fb: 0.71162 0.18840 0.46895 0.70830
fb: 0.67102 0.17300 0.49128 0.73063
dist/lin/ang/drive_left/drive_right/tv_l/tv_r/av_l/av_r/x/y/theta/t_err: 0.25354 0.90632 2.50648 0.49801 0.84402 0.43667 0.38122 0.43667 0.38122 15.94357 2.10692 22.29327 0.24245
target: 0.90632 0.32787
fb: 0.70787 0.15719 0.42428 0.68946
fb: 0.75642 0.14186 0.39758 0.66276
dist/lin/ang/drive_left/drive_right/tv_l/tv_r/av_l/av_r/x/y/theta/t_err: 0.23977 0.89979 2.39776 0.61456 0.89828 0.44592 0.40278 0.44592 0.40278 16.45637 2.32531 23.76669 0.23013
target: 0.89979 0.31365
fb: 0.76039 0.12820 0.33325 0.64391
fb: 0.73700 0.11483 0.34611 0.65677
dist/lin/ang/drive_left/drive_right/tv_l/tv_r/av_l/av_r/x/y/theta/t_err: 0.22495 0.88103 2.35926 0.62217 0.85183 0.37814 0.38772 0.37814 0.38772 17.00167 2.57252 24.97992 0.22367
target: 0.88103 0.30862
fb: 0.73700 0.10396 0.24118 0.62567
fb: 0.68647 0.09915 0.26897 0.65347
dist/lin/ang/drive_left/drive_right/tv_l/tv_r/av_l/av_r/x/y/theta/t_err: 0.21057 0.85550 2.35868 0.58732 0.78562 0.31703 0.46969 0.31703 0.46969 17.52550 2.82225 25.95885 0.22150
target: 0.85550 0.30854
fb: 0.70589 0.09929 0.18443 0.61220
fb: 0.78356 0.10556 0.14171 0.56948
dist/lin/ang/drive_left/drive_right/tv_l/tv_r/av_l/av_r/x/y/theta/t_err: 0.19680 0.82693 2.37147 0.67800 0.88912 0.24847 0.44986 0.24847 0.44986 18.02326 3.06956 26.82440 0.22159
target: 0.82693 0.31021
fb: 0.77385 0.11065 0.09840 0.54348
fb: 0.75046 0.11211 0.11126 0.55634
dist/lin/ang/drive_left/drive_right/tv_l/tv_r/av_l/av_r/x/y/theta/t_err: 0.18170 0.79226 2.39885 0.63835 0.86257 0.16017 0.39303 0.16017 0.39303 18.56479 3.34890 27.75860 0.22334
target: 0.79226 0.31379
fb: 0.73678 0.11197 -0.06791 0.51605
fb: 0.73700 0.10807 -0.06803 0.51592
dist/lin/ang/drive_left/drive_right/tv_l/tv_r/av_l/av_r/x/y/theta/t_err: 0.16733 1.09091 2.41805 0.62893 0.84507 0.08586 0.44983 0.08586 0.44983 19.07583 3.62347 28.73213 0.22511
target: 1.09091 0.31631
fb: 0.73325 0.11071 1.00000 1.00000
fb: 0.71758 0.12465 1.00000 1.00000
dist/lin/ang/drive_left/drive_right/tv_l/tv_r/av_l/av_r/x/y/theta/t_err: 0.14905 1.02957 2.14395 0.59293 0.84223 0.02447 0.46214 0.02447 0.46214 19.57977 3.90523 29.68321 0.20851
target: 1.02957 0.28045
fb: 0.68647 0.14360 0.39897 0.46273
fb: 0.68647 0.16569 0.39897 0.46273
dist/lin/ang/drive_left/drive_right/tv_l/tv_r/av_l/av_r/x/y/theta/t_err: 0.13597 0.98339 1.91613 0.52078 0.85216 0.41886 0.49861 0.41886 0.49861 20.04680 4.17734 30.81464 0.18877
target: 0.98339 0.25065
fb: 0.69441 0.17983 0.40357 0.48315
fb: 0.67301 0.17823 0.41535 0.49492
dist/lin/ang/drive_left/drive_right/tv_l/tv_r/av_l/av_r/x/y/theta/t_err: 0.12286 0.93478 1.60989 0.49478 0.85124 0.39681 0.35983 0.39681 0.35983 20.51283 4.46330 32.28714 0.16307
target: 0.93478 0.21059
fb: 0.65734 0.16367 0.44054 0.37250
fb: 0.70412 0.14604 0.41481 0.34677
dist/lin/ang/drive_left/drive_right/tv_l/tv_r/av_l/av_r/x/y/theta/t_err: 0.11043 0.88623 1.32255 0.55808 0.85016 0.40928 0.42708 0.40928 0.42708 20.94660 4.74566 33.80399 0.13659
target: 0.88623 0.17300
fb: 0.75244 0.12779 0.35588 0.25856
fb: 0.72906 0.10828 0.36874 0.27142
dist/lin/ang/drive_left/drive_right/tv_l/tv_r/av_l/av_r/x/y/theta/t_err: 0.09591 0.82590 1.11733 0.62078 0.83733 0.38619 0.34169 0.38619 0.34169 21.43519 5.08077 35.04048 0.11501
target: 0.82590 0.14616
fb: 0.68272 0.09330 0.25880 0.21933
fb: 0.70015 0.08333 0.24921 0.20974
dist/lin/ang/drive_left/drive_right/tv_l/tv_r/av_l/av_r/x/y/theta/t_err: 0.08262 0.76653 0.97554 0.61682 0.78348 0.31928 0.27153 0.31928 0.27153 21.87277 5.39302 35.95681 0.09902
target: 0.76653 0.12761
fb: 0.71957 0.07678 0.16038 0.16998
fb: 0.65933 0.07295 0.19352 0.20311
dist/lin/ang/drive_left/drive_right/tv_l/tv_r/av_l/av_r/x/y/theta/t_err: 0.06849 0.69794 0.86103 0.58638 0.73228 0.24092 0.21183 0.24092 0.21183 22.32929 5.72860 36.66977 0.08658
target: 0.69794 0.11263
fb: 0.70015 0.07114 0.06221 0.08155
fb: 0.69044 0.06403 0.06755 0.08689
dist/lin/ang/drive_left/drive_right/tv_l/tv_r/av_l/av_r/x/y/theta/t_err: 0.05471 0.62380 0.75154 0.62641 0.75447 0.17522 0.17144 0.17522 0.17144 22.76955 6.06042 37.29777 0.07561
target: 0.62380 0.09831
fb: 0.65734 0.05017 -0.11903 -0.12472
fb: 0.69640 0.03546 -0.14052 -0.14620
dist/lin/ang/drive_left/drive_right/tv_l/tv_r/av_l/av_r/x/y/theta/t_err: 0.04175 0.54491 0.66429 0.66094 0.73187 0.05033 0.04672 0.05033 0.04672 23.17972 6.37611 37.81788 0.06654
target: 0.54491 0.08690
fb: 0.61674 0.02529 -0.19703 -0.19347
fb: 0.57018 0.01916 -0.17142 -0.16786
dist/lin/ang/drive_left/drive_right/tv_l/tv_r/av_l/av_r/x/y/theta/t_err: 0.02951 0.45814 0.63296 0.55102 0.58934 -0.11789 -0.11892 -0.11789 -0.11892 23.56257 6.67487 38.10162 0.06159
target: 0.45814 0.08280
fb: 0.54304 0.01798 -0.12677 -0.05595
fb: 0.44992 0.01930 -0.07556 0.08310
dist/lin/ang/drive_left/drive_right/tv_l/tv_r/av_l/av_r/x/y/theta/t_err: 0.01871 0.36475 0.61385 0.43062 0.46922 -0.14475 -0.11275 -0.14475 -0.11275 23.89868 6.93919 38.26369 0.05876
target: 0.36475 0.08030
fb: 0.34908 0.02167 -0.12477 0.04487
fb: 0.30054 0.02334 -0.09807 0.07157
dist/lin/ang/drive_left/drive_right/tv_l/tv_r/av_l/av_r/x/y/theta/t_err: 0.01178 0.28948 0.58192 0.27720 0.32388 -0.08661 0.04858 -0.08661 0.04858 24.11427 7.10970 38.43172 0.05582
target: 0.28948 0.07612
fb: 0.25596 0.02843 -0.09624 0.05264
fb: 0.19771 0.03811 -0.06420 0.08468
dist/lin/ang/drive_left/drive_right/tv_l/tv_r/av_l/av_r/x/y/theta/t_err: 0.00673 0.00168 0.53879 0.15960 0.23582 -0.08847 0.07614 -0.08847 0.07614 24.27195 7.23523 38.64193 0.05215
target: 0.00168 0.07048
fb: 0.17079 0.05058 -0.63583 -0.59564
fb: 0.15910 0.06424 -0.63583 -0.59564
dist/lin/ang/drive_left/drive_right/tv_l/tv_r/av_l/av_r/x/y/theta/t_err: 0.00344 0.00086 0.45916 0.09485 0.22334 -0.09272 0.02069 -0.09272 0.02069 24.37675 7.31950 38.99718 0.04595
target: 0.00086 0.06006
fb: 0.14917 0.07553 0.04433 -0.05068
fb: 0.11452 0.07797 0.04433 -0.05068
dist/lin/ang/drive_left/drive_right/tv_l/tv_r/av_l/av_r/x/y/theta/t_err: 0.00065 0.00016 0.33013 0.03655 0.19249 -0.32614 -0.26608 -0.32614 -0.26608 24.46768 7.39385 39.57762 0.03582
target: 0.00016 0.04318
fb: 0.06223 0.07267 0.04142 -0.04897
fb: 0.02714 0.05651 0.04142 -0.04897
dist/lin/ang/drive_left/drive_right/tv_l/tv_r/av_l/av_r/x/y/theta/t_err: -0.00037 -0.00009 0.19961 -0.02937 0.08365 0.10522 -0.06417 0.10522 -0.06417 24.50530 7.42524 40.23754 0.02431
target: -0.00009 0.02611
fb: 0.01147 0.04041 0.05103 -0.05702
fb: 0.00375 0.02648 0.05103 -0.05702
dist/lin/ang/drive_left/drive_right/tv_l/tv_r/av_l/av_r/x/y/theta/t_err: -0.00044 -0.00011 0.13372 -0.02273 0.03023 0.06294 -0.04328 0.06294 -0.04328 24.51217 7.43110 40.69144 0.01638
target: -0.00011 0.01749
fb: 0.00000 0.01171 0.04313 -0.04818
fb: 0.00000 -0.00355 0.04313 -0.04818
final error: 0.76548, x: -0.51217, y: 0.56890
final local error: 0.76548, forwards: -0.01483, sideways: 0.76534
position: 24.51217 7.43110 40.88601
took 1.26000 time to finish turn
increased kp to 10.80000
increased kd to 2.20000
decreased kd to 2.10000
decreased kd to 2.00000
decreased kd to 1.90000
decreased kd to 1.80000
decreased kd to 1.70000
decreased kd to 1.60000
decreased kd to 1.50000
decreased kd to 1.40000
decreased kd to 1.30000
decreased kd to 1.20000
decreased kd to 1.10000
decreased kd to 1.00000
decreased kd to 0.90000
decreased kd to 0.80000
decreased kd to 0.70000
decreased kd to 0.60000
decreased kd to 0.50000
decreased kd to 0.40000
decreased kd to 0.30000
decreased kd to 0.20000
decreased kd to 0.10000
decreased kd to -0.00000
dist/lin/ang/drive_left/drive_right/tv_l/tv_r/av_l/av_r/x/y/theta/t_err: -0.65066 -0.09144 -3.26748 0.00000 0.00000 0.00000 0.00000 0.00000 0.00000 24.51456 7.43312 220.26955 -0.40843
target: -0.09144 -0.42742
fb: 0.00000 0.00000 1.00000 -1.00000
fb: -0.00397 0.00000 1.00000 -1.00000
dist/lin/ang/drive_left/drive_right/tv_l/tv_r/av_l/av_r/x/y/theta/t_err: -0.65066 -0.18288 -3.26744 -0.00397 -0.00397 0.03558 -0.02636 0.03558 -0.02636 24.51456 7.43312 220.26942 -0.40843
target: -0.18288 -0.42741
fb: -0.00000 0.00000 -0.10381 -0.68994
fb: 0.00772 -0.01547 -0.10806 -0.69418
dist/lin/ang/drive_left/drive_right/tv_l/tv_r/av_l/av_r/x/y/theta/t_err: -0.65066 -0.27432 -3.26738 0.02319 -0.00774 0.35694 -0.41389 0.35694 -0.41389 24.51456 7.43312 220.26918 -0.40843
target: -0.27432 -0.42741
fb: 0.00000 -0.06097 -0.18795 -0.77405
fb: -0.00000 -0.08347 -0.18795 -0.77405
dist/lin/ang/drive_left/drive_right/tv_l/tv_r/av_l/av_r/x/y/theta/t_err: -0.65066 -0.36576 -3.18377 0.08347 -0.08347 -0.12219 -0.29603 -0.12219 -0.29603 24.51456 7.43313 220.01010 -0.40391
target: -0.36576 -0.41647
fb: 0.00000 -0.09671 -0.32859 -0.80144
fb: -0.00375 -0.09141 -0.32653 -0.79938
dist/lin/ang/drive_left/drive_right/tv_l/tv_r/av_l/av_r/x/y/theta/t_err: -0.65066 -0.45720 -2.98684 0.08766 -0.09517 -0.20019 -0.23869 -0.20019 -0.23869 24.51454 7.43314 219.25318 -0.39069
target: -0.45720 -0.39071
fb: 0.00000 -0.07664 -0.49667 -0.80109
fb: -0.01743 -0.06515 -0.48709 -0.79150
dist/lin/ang/drive_left/drive_right/tv_l/tv_r/av_l/av_r/x/y/theta/t_err: -0.65066 -0.54864 -2.87920 0.04771 -0.08258 -0.32186 -0.26983 -0.32186 -0.26983 24.51454 7.43314 218.49019 -0.37738
target: -0.54864 -0.37663
fb: -0.08540 -0.05045 -0.71608 -1.00000
fb: -0.15512 -0.03149 -0.67773 -1.00000
dist/lin/ang/drive_left/drive_right/tv_l/tv_r/av_l/av_r/x/y/theta/t_err: -0.64907 -0.64008 -2.86561 -0.12363 -0.18662 -0.41906 -0.27994 -0.41906 -0.27994 24.46165 7.39162 217.96038 -0.36909
target: -0.64008 -0.37485
fb: -0.20168 -0.01484 -0.68582 -1.00000
fb: -0.24449 0.00000 -0.66228 -1.00000
dist/lin/ang/drive_left/drive_right/tv_l/tv_r/av_l/av_r/x/y/theta/t_err: -0.64531 -0.73152 -2.91765 -0.24449 -0.24449 -0.44589 -0.35728 -0.44589 -0.35728 24.33620 7.29426 217.72352 -0.36719
target: -0.73152 -0.38166
fb: -0.25596 0.00404 -0.70065 -1.00000
fb: -0.28112 0.00634 -0.68681 -1.00000
dist/lin/ang/drive_left/drive_right/tv_l/tv_r/av_l/av_r/x/y/theta/t_err: -0.64053 -0.82296 -2.99036 -0.28746 -0.27478 -0.31483 -0.40142 -0.31483 -0.40142 24.17676 7.17096 217.72279 -0.37005
target: -0.82296 -0.39117
fb: -0.34533 0.00000 -0.72083 -1.00000
fb: -0.37247 -0.00307 -0.70590 -1.00000
dist/lin/ang/drive_left/drive_right/tv_l/tv_r/av_l/av_r/x/y/theta/t_err: -0.63410 -0.91440 -3.04441 -0.36941 -0.37554 -0.51469 -0.40997 -0.51469 -0.40997 23.96175 7.00450 217.75711 -0.37459
target: -0.91440 -0.39824
fb: -0.40138 -0.00077 -0.78413 -1.00000
fb: -0.43249 0.00390 -0.76701 -1.00000
dist/lin/ang/drive_left/drive_right/tv_l/tv_r/av_l/av_r/x/y/theta/t_err: -0.62663 -0.94846 -3.07641 -0.43639 -0.42859 -0.51417 -0.42625 -0.51417 -0.42625 23.71184 6.81104 217.73550 -0.37890
target: -0.94846 -0.40242
fb: -0.43624 0.00843 -0.57832 -1.00000
fb: -0.51590 0.01352 -0.53451 -1.00000
dist/lin/ang/drive_left/drive_right/tv_l/tv_r/av_l/av_r/x/y/theta/t_err: -0.61854 -0.93846 -3.14187 -0.52942 -0.50238 -0.49483 -0.45978 -0.49483 -0.45978 23.44025 6.60073 217.77917 -0.38488
target: -0.93846 -0.41099
fb: -0.56047 0.01637 -0.29873 -0.94667
fb: -0.55849 0.01721 -0.29982 -0.94776
dist/lin/ang/drive_left/drive_right/tv_l/tv_r/av_l/av_r/x/y/theta/t_err: -0.60817 -0.92346 -3.24678 -0.57570 -0.54128 -0.49347 -0.48731 -0.49347 -0.48731 23.09170 6.33003 217.90120 -0.39395
target: -0.92346 -0.42471
fb: -0.62645 0.01756 -0.19564 -0.90779
fb: -0.63020 0.01777 -0.19357 -0.90572
dist/lin/ang/drive_left/drive_right/tv_l/tv_r/av_l/av_r/x/y/theta/t_err: -0.59662 -0.90585 -3.35131 -0.64797 -0.61244 -0.30133 -0.43394 -0.30133 -0.43394 22.70290 6.02648 218.05639 -0.40474
target: -0.90585 -0.43838
fb: -0.61674 0.01421 -0.16464 -0.89439
fb: -0.62645 0.00739 -0.15930 -0.88905
dist/lin/ang/drive_left/drive_right/tv_l/tv_r/av_l/av_r/x/y/theta/t_err: -0.58531 -0.88827 -3.44028 -0.63384 -0.61907 -0.20942 -0.37319 -0.20942 -0.37319 22.32093 5.72659 218.20603 -0.41568
target: -0.88827 -0.45002
fb: -0.63219 0.00091 -0.14075 -0.86787
fb: -0.64786 -0.00397 -0.13213 -0.85925
dist/lin/ang/drive_left/drive_right/tv_l/tv_r/av_l/av_r/x/y/theta/t_err: -0.57377 -0.87277 -3.50646 -0.64388 -0.65183 -0.16528 -0.35675 -0.16528 -0.35675 21.92995 5.41849 218.25611 -0.42546
target: -0.87277 -0.45868
fb: -0.61873 -0.01052 -0.14918 -0.86139
fb: -0.64764 -0.01972 -0.13328 -0.84550
dist/lin/ang/drive_left/drive_right/tv_l/tv_r/av_l/av_r/x/y/theta/t_err: -0.56252 -0.86000 -3.55475 -0.62792 -0.66735 -0.14853 -0.36533 -0.14853 -0.36533 21.54728 5.11696 218.20401 -0.43363
target: -0.86000 -0.46500
fb: -0.68073 -0.03400 -0.12000 -0.82005
fb: -0.62844 -0.05100 -0.14876 -0.84881
dist/lin/ang/drive_left/drive_right/tv_l/tv_r/av_l/av_r/x/y/theta/t_err: -0.55019 -0.84949 -3.59453 -0.57743 -0.67944 -0.14681 -0.38567 -0.14681 -0.38567 21.12557 4.78610 217.99893 -0.44041
target: -0.84949 -0.47020
fb: -0.61476 -0.06563 -0.15679 -0.85414
fb: -0.59534 -0.07685 -0.16747 -0.86482
dist/lin/ang/drive_left/drive_right/tv_l/tv_r/av_l/av_r/x/y/theta/t_err: -0.53907 -0.84742 -3.54810 -0.51849 -0.67219 -0.14956 -0.41356 -0.14956 -0.41356 20.74296 4.48959 217.52328 -0.44175
target: -0.84742 -0.46413
fb: -0.57018 -0.08765 -0.26790 -0.85675
fb: -0.61873 -0.09650 -0.24120 -0.83005
dist/lin/ang/drive_left/drive_right/tv_l/tv_r/av_l/av_r/x/y/theta/t_err: -0.52876 -0.85206 -3.47841 -0.52223 -0.71523 -0.17778 -0.42178 -0.17778 -0.42178 20.38527 4.21826 216.82938 -0.43875
target: -0.85206 -0.45501
fb: -0.62270 -0.10633 -0.29007 -0.84018
fb: -0.61277 -0.11204 -0.29554 -0.84564
dist/lin/ang/drive_left/drive_right/tv_l/tv_r/av_l/av_r/x/y/theta/t_err: -0.51747 -0.85983 -3.41721 -0.50073 -0.72481 -0.24264 -0.39031 -0.24264 -0.39031 19.99071 3.92717 215.96526 -0.43373
target: -0.85983 -0.44700
fb: -0.63020 -0.11469 -0.30635 -0.85610
fb: -0.58960 -0.11580 -0.32868 -0.87843
dist/lin/ang/drive_left/drive_right/tv_l/tv_r/av_l/av_r/x/y/theta/t_err: -0.50601 -0.87046 -3.34407 -0.47380 -0.70540 -0.28303 -0.39983 -0.28303 -0.39983 19.58664 3.63915 214.98688 -0.42693
target: -0.87046 -0.43744
fb: -0.57790 -0.11894 -0.37017 -0.89339
fb: -0.57415 -0.12005 -0.37223 -0.89546
dist/lin/ang/drive_left/drive_right/tv_l/tv_r/av_l/av_r/x/y/theta/t_err: -0.49547 -0.88365 -3.26099 -0.45410 -0.69421 -0.31569 -0.34700 -0.31569 -0.34700 19.21148 3.38163 213.96606 -0.41858
target: -0.88365 -0.42657
fb: -0.60505 -0.11894 -0.39130 -0.88853
fb: -0.64190 -0.11413 -0.37104 -0.86826
dist/lin/ang/drive_left/drive_right/tv_l/tv_r/av_l/av_r/x/y/theta/t_err: -0.48439 -0.89678 -3.19662 -0.52777 -0.75602 -0.35917 -0.41286 -0.35917 -0.41286 18.81384 3.11924 212.92587 -0.41036
target: -0.89678 -0.41815
fb: -0.62844 -0.10451 -0.38545 -0.89337
fb: -0.65161 -0.09267 -0.37271 -0.88063
dist/lin/ang/drive_left/drive_right/tv_l/tv_r/av_l/av_r/x/y/theta/t_err: -0.47285 -0.90744 -3.16075 -0.55894 -0.74427 -0.36275 -0.39183 -0.36275 -0.39183 18.39616 2.85392 211.95218 -0.40376
target: -0.90744 -0.41346
fb: -0.66904 -0.08591 -0.34983 -0.88466
fb: -0.65359 -0.08110 -0.35833 -0.89315
dist/lin/ang/drive_left/drive_right/tv_l/tv_r/av_l/av_r/x/y/theta/t_err: -0.46054 -0.91197 -3.17859 -0.57249 -0.73469 -0.35744 -0.57664 -0.35744 -0.57664 17.94718 2.57835 211.14966 -0.40098
target: -0.91197 -0.41579
fb: -0.67698 -0.08403 -0.29209 -0.89243
fb: -0.70015 -0.09406 -0.27935 -0.87969
dist/lin/ang/drive_left/drive_right/tv_l/tv_r/av_l/av_r/x/y/theta/t_err: -0.44807 -0.91350 -3.19040 -0.60609 -0.79421 -0.33194 -0.32547 -0.33194 -0.32547 17.48921 2.30558 210.43027 -0.40004
target: -0.91350 -0.41734
fb: -0.70964 -0.09532 -0.26616 -0.86107
fb: -0.72906 -0.09107 -0.25548 -0.85039
dist/lin/ang/drive_left/drive_right/tv_l/tv_r/av_l/av_r/x/y/theta/t_err: -0.43499 -0.90653 -3.16758 -0.63799 -0.82012 -0.27597 -0.35333 -0.27597 -0.35333 17.00538 2.02605 209.61337 -0.39827
target: -0.90653 -0.41435
fb: -0.67698 -0.08793 -0.26579 -0.81454
fb: -0.66926 -0.08438 -0.27004 -0.81879
dist/lin/ang/drive_left/drive_right/tv_l/tv_r/av_l/av_r/x/y/theta/t_err: -0.42251 -0.89588 -3.15773 -0.58488 -0.75364 -0.25819 -0.40997 -0.25819 -0.40997 16.54019 1.76578 208.82470 -0.39673
target: -0.89588 -0.41306
fb: -0.73104 -0.08403 -0.20432 -0.76593
fb: -0.72133 -0.08570 -0.20966 -0.77127
dist/lin/ang/drive_left/drive_right/tv_l/tv_r/av_l/av_r/x/y/theta/t_err: -0.40902 -0.88040 -3.18635 -0.63563 -0.80704 -0.25322 -0.53097 -0.25322 -0.53097 16.03407 1.49159 208.08448 -0.39741
target: -0.88040 -0.41681
fb: -0.74870 -0.09114 -0.13531 -0.74644
fb: -0.74097 -0.09782 -0.13956 -0.75069
dist/lin/ang/drive_left/drive_right/tv_l/tv_r/av_l/av_r/x/y/theta/t_err: -0.39522 -0.86380 -3.19872 -0.64315 -0.83880 -0.20603 -0.44658 -0.20603 -0.44658 15.51206 1.21766 207.31840 -0.39846
target: -0.86380 -0.41842
fb: -0.72531 -0.10026 -0.13617 -0.73004
fb: -0.80673 -0.09803 -0.09138 -0.68526
dist/lin/ang/drive_left/drive_right/tv_l/tv_r/av_l/av_r/x/y/theta/t_err: -0.38185 -0.84987 -3.17769 -0.70869 -0.90476 -0.14836 -0.45378 -0.14836 -0.45378 15.00263 0.95950 206.45849 -0.39792
target: -0.84987 -0.41567
fb: -0.77186 -0.09678 -0.12941 -0.68051
fb: -0.71957 -0.09992 -0.15817 -0.70928
dist/lin/ang/drive_left/drive_right/tv_l/tv_r/av_l/av_r/x/y/theta/t_err: -0.36762 -0.83209 -3.20585 -0.61965 -0.81948 -0.12850 -0.49517 -0.12850 -0.49517 14.45661 0.69260 205.61167 -0.39914
target: -0.83209 -0.41936
fb: -0.70015 -0.11510 -0.10488 -0.71815
fb: -0.65160 -0.13566 -0.13158 -0.74485
dist/lin/ang/drive_left/drive_right/tv_l/tv_r/av_l/av_r/x/y/theta/t_err: -0.35472 -0.81869 -3.17618 -0.51595 -0.78726 -0.15058 -0.40689 -0.15058 -0.40689 13.95768 0.45808 204.69615 -0.39822
target: -0.81869 -0.41548
fb: -0.66705 -0.15252 -0.16440 -0.70485
fb: -0.70390 -0.16005 -0.14413 -0.68458
dist/lin/ang/drive_left/drive_right/tv_l/tv_r/av_l/av_r/x/y/theta/t_err: -0.34240 -0.81372 -3.06541 -0.54385 -0.86394 -0.15075 -0.37886 -0.15075 -0.37886 13.47820 0.24370 203.47949 -0.39172
target: -0.81372 -0.40099
fb: -0.68669 -0.16221 -0.24002 -0.66651
fb: -0.73700 -0.16186 -0.21235 -0.63884
dist/lin/ang/drive_left/drive_right/tv_l/tv_r/av_l/av_r/x/y/theta/t_err: -0.32969 -0.81117 -2.96923 -0.57514 -0.89885 -0.17847 -0.43700 -0.17847 -0.43700 12.97973 0.03423 202.08530 -0.38282
target: -0.81117 -0.38841
fb: -0.72729 -0.16297 -0.22473 -0.65162
fb: -0.66131 -0.16708 -0.26102 -0.68791
dist/lin/ang/drive_left/drive_right/tv_l/tv_r/av_l/av_r/x/y/theta/t_err: -0.31618 -0.80569 -2.91463 -0.49423 -0.82839 -0.21903 -0.43856 -0.21903 -0.43856 12.44662 -0.17487 200.67101 -0.37483
target: -0.80569 -0.38126
fb: -0.64366 -0.16576 -0.23407 -0.69971
fb: -0.67874 -0.16318 -0.21477 -0.68042
dist/lin/ang/drive_left/drive_right/tv_l/tv_r/av_l/av_r/x/y/theta/t_err: -0.30417 -0.80471 -2.80830 -0.51556 -0.84192 -0.24383 -0.42897 -0.24383 -0.42897 11.97026 -0.34789 199.22185 -0.36454
target: -0.80471 -0.36735
fb: -0.71383 -0.16416 -0.25229 -0.63878
fb: -0.65756 -0.16820 -0.28323 -0.66972
dist/lin/ang/drive_left/drive_right/tv_l/tv_r/av_l/av_r/x/y/theta/t_err: -0.29082 -0.79791 -2.76920 -0.48936 -0.82576 -0.22997 -0.35708 -0.22997 -0.35708 11.43731 -0.52644 197.79556 -0.35659
target: -0.79791 -0.36224
fb: -0.65557 -0.16924 -0.21836 -0.67611
fb: -0.68073 -0.16736 -0.20452 -0.66228
dist/lin/ang/drive_left/drive_right/tv_l/tv_r/av_l/av_r/x/y/theta/t_err: -0.27851 -0.79440 -2.67077 -0.51337 -0.84809 -0.25481 -0.40089 -0.25481 -0.40089 10.94380 -0.67776 196.32364 -0.34675
target: -0.79440 -0.34936
fb: -0.68249 -0.16395 -0.25687 -0.62773
fb: -0.70964 -0.16081 -0.24195 -0.61280
dist/lin/ang/drive_left/drive_right/tv_l/tv_r/av_l/av_r/x/y/theta/t_err: -0.26565 -0.78754 -2.61530 -0.54882 -0.87045 -0.22278 -0.43750 -0.22278 -0.43750 10.42618 -0.82218 194.86704 -0.33817
target: -0.78754 -0.34211
fb: -0.75840 -0.15768 -0.17475 -0.58573
fb: -0.70213 -0.15461 -0.20569 -0.61668
dist/lin/ang/drive_left/drive_right/tv_l/tv_r/av_l/av_r/x/y/theta/t_err: -0.25132 -0.77285 -2.61096 -0.54752 -0.85674 -0.22586 -0.44264 -0.22586 -0.44264 9.84715 -0.96818 193.46812 -0.33307
target: -0.77285 -0.34154
fb: -0.66330 -0.15238 -0.15186 -0.62097
fb: -0.69044 -0.15364 -0.13694 -0.60605
dist/lin/ang/drive_left/drive_right/tv_l/tv_r/av_l/av_r/x/y/theta/t_err: -0.23877 -0.76103 -2.55569 -0.53680 -0.84407 -0.19267 -0.45019 -0.19267 -0.45019 9.33780 -1.08365 192.12672 -0.32718
target: -0.76103 -0.33431
fb: -0.72905 -0.15684 -0.15069 -0.55035
fb: -0.75443 -0.15635 -0.13674 -0.53639
dist/lin/ang/drive_left/drive_right/tv_l/tv_r/av_l/av_r/x/y/theta/t_err: -0.22495 -0.74314 -2.55337 -0.59808 -0.91078 -0.15211 -0.43153 -0.15211 -0.43153 8.77514 -1.19741 190.77744 -0.32372
target: -0.74314 -0.33401
fb: -0.69640 -0.15802 -0.09615 -0.55664
fb: -0.64587 -0.16437 -0.12394 -0.58443
dist/lin/ang/drive_left/drive_right/tv_l/tv_r/av_l/av_r/x/y/theta/t_err: -0.21174 -0.72545 -2.52374 -0.48150 -0.81023 -0.13928 -0.45567 -0.13928 -0.45567 8.23532 -1.29368 189.41570 -0.32015
target: -0.72545 -0.33013
fb: -0.66330 -0.17461 -0.11687 -0.53983
fb: -0.66506 -0.18394 -0.11590 -0.53886
dist/lin/ang/drive_left/drive_right/tv_l/tv_r/av_l/av_r/x/y/theta/t_err: -0.19914 -0.70990 -2.46461 -0.48112 -0.84901 -0.13311 -0.42847 -0.13311 -0.42847 7.71903 -1.37248 187.96201 -0.31493
target: -0.70990 -0.32240
fb: -0.67874 -0.19021 -0.12455 -0.50243
fb: -0.68470 -0.19509 -0.12127 -0.49915
dist/lin/ang/drive_left/drive_right/tv_l/tv_r/av_l/av_r/x/y/theta/t_err: -0.18622 -0.69432 -2.39758 -0.48961 -0.87979 -0.12883 -0.45550 -0.12883 -0.45550 7.18874 -1.43885 186.34837 -0.30834
target: -0.69432 -0.31363
fb: -0.67102 -0.20094 -0.12421 -0.48072
fb: -0.69242 -0.20756 -0.11244 -0.46895
dist/lin/ang/drive_left/drive_right/tv_l/tv_r/av_l/av_r/x/y/theta/t_err: -0.17341 -1.11054 -2.32691 -0.48486 -0.89999 -0.13467 -0.43564 -0.13467 -0.43564 6.66280 -1.48928 184.63396 -0.30078
target: -1.11054 -0.30438
fb: -0.64388 -0.21188 -1.00000 -1.00000
fb: -0.66705 -0.21613 -1.00000 -1.00000
dist/lin/ang/drive_left/drive_right/tv_l/tv_r/av_l/av_r/x/y/theta/t_err: -0.15430 -1.04755 -1.81979 -0.45091 -0.88318 -0.16050 -0.43856 -0.16050 -0.43856 6.15692 -1.52251 182.81758 -0.26908
target: -1.04755 -0.23805
fb: -0.68646 -0.21927 -0.57520 -0.30687
fb: -0.63218 -0.22150 -0.60506 -0.33673
dist/lin/ang/drive_left/drive_right/tv_l/tv_r/av_l/av_r/x/y/theta/t_err: -0.14201 -1.00497 -1.54377 -0.41068 -0.85368 -0.54239 -0.53744 -0.54239 -0.53744 5.61671 -1.54050 180.93181 -0.23617
target: -1.00497 -0.20194
fb: -0.65734 -0.22944 -0.52015 -0.47747
fb: -0.66727 -0.21593 -0.51469 -0.47201
dist/lin/ang/drive_left/drive_right/tv_l/tv_r/av_l/av_r/x/y/theta/t_err: -0.13020 -0.96229 -1.25487 -0.45134 -0.88319 -0.55664 -0.32631 -0.55664 -0.32631 5.09915 -1.53987 178.96676 -0.20187
target: -0.96229 -0.16415
fb: -0.66727 -0.19286 -0.50613 -0.39649
fb: -0.72905 -0.16924 -0.47215 -0.36251
dist/lin/ang/drive_left/drive_right/tv_l/tv_r/av_l/av_r/x/y/theta/t_err: -0.11798 -0.91600 -1.01865 -0.55981 -0.89829 -0.50325 -0.43683 -0.50325 -0.43683 4.57408 -1.52156 177.11989 -0.16964
target: -0.91600 -0.13325
fb: -0.70986 -0.14472 -0.41347 -0.32288
fb: -0.75642 -0.12409 -0.38786 -0.29727
dist/lin/ang/drive_left/drive_right/tv_l/tv_r/av_l/av_r/x/y/theta/t_err: -0.10456 -0.86235 -0.89468 -0.63232 -0.88051 -0.46233 -0.38225 -0.46233 -0.38225 4.01624 -1.48651 175.68771 -0.14464
target: -0.86235 -0.11703
fb: -0.80474 -0.10897 -0.22512 -0.24302
fb: -0.72155 -0.09566 -0.27088 -0.28878
dist/lin/ang/drive_left/drive_right/tv_l/tv_r/av_l/av_r/x/y/theta/t_err: -0.08901 -0.79562 -0.81392 -0.62589 -0.81722 -0.35747 -0.31931 -0.35747 -0.31931 3.38486 -1.43299 174.62473 -0.12609
target: -0.79562 -0.10647
fb: -0.73501 -0.08487 -0.12866 -0.18050
fb: -0.74274 -0.08006 -0.12441 -0.17625
dist/lin/ang/drive_left/drive_right/tv_l/tv_r/av_l/av_r/x/y/theta/t_err: -0.07470 -0.72887 -0.74683 -0.66268 -0.82280 -0.24161 -0.28167 -0.24161 -0.28167 2.80908 -1.37444 173.81365 -0.11193
target: -0.72887 -0.09769
fb: -0.76216 -0.07616 0.07076 -0.10269
fb: -0.79128 -0.06856 0.08678 -0.08667
dist/lin/ang/drive_left/drive_right/tv_l/tv_r/av_l/av_r/x/y/theta/t_err: -0.05977 -0.65199 -0.67545 -0.72272 -0.85984 -0.09411 -0.20381 -0.09411 -0.20381 2.21287 -1.30605 173.13223 -0.10004
target: -0.65199 -0.08836
fb: -0.68073 -0.05560 0.13156 0.10608
fb: -0.66705 -0.04431 0.12404 0.09855
dist/lin/ang/drive_left/drive_right/tv_l/tv_r/av_l/av_r/x/y/theta/t_err: -0.04641 -0.57451 -0.61925 -0.62274 -0.71137 0.06639 -0.12781 0.06639 -0.12781 1.68102 -1.23939 172.57141 -0.09025
target: -0.57451 -0.08100
fb: -0.73126 -0.03916 0.24019 0.20763
fb: -0.78555 -0.03623 0.27005 0.23748
dist/lin/ang/drive_left/drive_right/tv_l/tv_r/av_l/av_r/x/y/theta/t_err: -0.03195 -0.47668 -0.60241 -0.74932 -0.82178 0.13258 0.07014 0.13258 0.07014 1.11031 -1.16304 172.20097 -0.08379
target: -0.47668 -0.07880
fb: -0.65933 -0.03386 0.20166 0.11920
fb: -0.45368 -0.03289 0.08855 -0.08175
dist/lin/ang/drive_left/drive_right/tv_l/tv_r/av_l/av_r/x/y/theta/t_err: -0.01890 -0.36663 -0.57029 -0.42079 -0.48656 0.21306 0.15569 0.21306 0.15569 0.59612 -1.09137 171.89123 -0.07838
target: -0.36663 -0.07460
fb: -0.38395 -0.03331 0.16407 0.10533
fb: -0.32790 -0.03303 0.13324 0.07450
dist/lin/ang/drive_left/drive_right/tv_l/tv_r/av_l/av_r/x/y/theta/t_err: -0.01135 -0.28408 -0.53503 -0.29487 -0.36093 0.12356 0.00206 0.12356 0.00206 0.29692 -1.04803 171.60623 -0.07341
target: -0.28408 -0.06999
fb: -0.30252 -0.02940 0.13530 0.08653
fb: -0.25795 -0.02724 0.11079 0.06201
dist/lin/ang/drive_left/drive_right/tv_l/tv_r/av_l/av_r/x/y/theta/t_err: -0.00542 -0.00135 -0.49936 -0.23071 -0.28519 0.12303 0.06469 0.12303 0.06469 0.06135 -1.01271 171.33399 -0.06866
target: -0.00135 -0.06532
fb: -0.21338 -0.02801 0.74335 0.70140
fb: -0.17454 -0.02515 0.62673 0.58479
dist/lin/ang/drive_left/drive_right/tv_l/tv_r/av_l/av_r/x/y/theta/t_err: -0.00125 -0.00031 -0.47222 -0.14939 -0.19969 0.20978 0.08556 0.20978 0.08556 -0.10469 -0.98706 171.09543 -0.06449
target: -0.00031 -0.06177
fb: -0.11827 -0.01610 0.06640 -0.06860
fb: -0.04457 -0.00355 0.06640 -0.06860
dist/lin/ang/drive_left/drive_right/tv_l/tv_r/av_l/av_r/x/y/theta/t_err: 0.00103 0.00026 -0.45570 -0.04102 -0.04813 0.20994 0.14919 0.20994 0.14919 -0.19668 -0.97251 170.90888 -0.06124
target: 0.00026 -0.05961
fb: -0.00772 0.00425 0.07048 -0.07409
fb: -0.00375 0.00502 0.07048 -0.07409
dist/lin/ang/drive_left/drive_right/tv_l/tv_r/av_l/av_r/x/y/theta/t_err: 0.00118 0.00030 -0.48716 -0.00877 0.00127 0.07544 -0.05031 0.07544 -0.05031 -0.20268 -0.97154 170.90043 -0.06109
target: 0.00030 -0.06373
fb: 0.00000 0.00341 0.10042 -0.10622
fb: 0.00000 0.00146 0.10042 -0.10622
dist/lin/ang/drive_left/drive_right/tv_l/tv_r/av_l/av_r/x/y/theta/t_err: 0.00120 0.00030 -0.50268 -0.00146 0.00146 0.07647 -0.07531 0.07647 -0.07531 -0.20268 -0.97154 170.94371 -0.06184
target: 0.00030 -0.06576
fb: 0.00000 -0.00188 0.09234 -0.09831
fb: 0.00000 -0.00913 0.09234 -0.09831
start is 0.00000 0.00000
dist/lin/ang/drive_left/drive_right/tv_l/tv_r/av_l/av_r/x/y/theta/t_err: 0.64257 0.09144 3.47491 0.00000 0.00000 0.00017 -0.00017 0.00017 -0.00017 0.00000 0.00000 -0.00000 0.32175
target: 0.09144 0.45455
fb: 0.00000 0.00000 -1.00000 1.00000
fb: 0.00000 0.00000 -1.00000 1.00000
dist/lin/ang/drive_left/drive_right/tv_l/tv_r/av_l/av_r/x/y/theta/t_err: 0.64257 0.18288 3.47491 0.00000 0.00000 -0.07206 0.04858 -0.07206 0.04858 0.00000 0.00000 -0.00000 0.32175
target: 0.18288 0.45455
fb: 0.00000 0.00000 0.08560 0.70869
fb: 0.00000 0.00272 0.08560 0.70869
dist/lin/ang/drive_left/drive_right/tv_l/tv_r/av_l/av_r/x/y/theta/t_err: 0.64257 0.27432 3.47490 -0.00272 0.00272 -0.29892 0.39353 -0.29892 0.39353 0.00000 0.00000 0.00001 0.32175
target: 0.27432 0.45455
fb: 0.00000 0.02843 0.16973 0.79281
fb: 0.00000 0.06424 0.16973 0.79281
dist/lin/ang/drive_left/drive_right/tv_l/tv_r/av_l/av_r/x/y/theta/t_err: 0.64257 0.36576 3.45733 -0.06424 0.06424 0.05922 0.26556 0.05922 0.26556 0.00000 0.00000 0.09323 0.32012
target: 0.36576 0.45225
fb: 0.00000 0.07971 0.26574 0.86501
fb: 0.00000 0.08487 0.26574 0.86501
dist/lin/ang/drive_left/drive_right/tv_l/tv_r/av_l/av_r/x/y/theta/t_err: 0.64257 0.45720 3.34618 -0.08487 0.08487 0.16514 0.29019 0.16514 0.29019 0.00000 0.00000 0.68294 0.30983
target: 0.45720 0.43771
fb: 0.00000 0.08696 0.41469 0.88401
fb: 0.00000 0.07922 0.41469 0.88401
dist/lin/ang/drive_left/drive_right/tv_l/tv_r/av_l/av_r/x/y/theta/t_err: 0.64257 0.54864 3.20639 -0.07922 0.07922 0.26708 0.24672 0.26708 0.24672 0.00000 0.00000 1.42452 0.29689
target: 0.54864 0.41943
fb: 0.04259 0.05929 0.72987 1.00000
fb: 0.11430 0.04125 0.69043 1.00000
dist/lin/ang/drive_left/drive_right/tv_l/tv_r/av_l/av_r/x/y/theta/t_err: 0.64176 0.64008 3.08982 0.07305 0.15555 0.41594 0.29944 0.41594 0.29944 0.03351 0.00113 2.06455 0.28609
target: 0.64008 0.40418
fb: 0.17079 0.02731 0.74378 1.00000
fb: 0.20367 0.00996 0.72570 1.00000
dist/lin/ang/drive_left/drive_right/tv_l/tv_r/av_l/av_r/x/y/theta/t_err: 0.63848 0.73152 3.04345 0.19370 0.21363 0.34700 0.30939 0.34700 0.30939 0.16789 0.00643 2.39606 0.28180
target: 0.73152 0.39811
fb: 0.23257 -0.00871 0.76042 1.00000
fb: 0.25596 -0.01777 0.74755 1.00000
dist/lin/ang/drive_left/drive_right/tv_l/tv_r/av_l/av_r/x/y/theta/t_err: 0.63401 0.82296 3.05760 0.27373 0.23820 0.37028 0.41219 0.37028 0.41219 0.35085 0.01422 2.43761 0.28311
target: 0.82296 0.39996
fb: 0.28333 -0.01484 0.78351 1.00000
fb: 0.31819 -0.00592 0.76434 1.00000
dist/lin/ang/drive_left/drive_right/tv_l/tv_r/av_l/av_r/x/y/theta/t_err: 0.62857 0.91440 3.11186 0.32411 0.31227 0.50222 0.41717 0.50222 0.41717 0.57376 0.02342 2.29464 0.28814
target: 0.91440 0.40706
fb: 0.35681 0.00000 0.80260 1.00000
fb: 0.36850 -0.00453 0.79617 1.00000
dist/lin/ang/drive_left/drive_right/tv_l/tv_r/av_l/av_r/x/y/theta/t_err: 0.62174 1.00584 3.15386 0.37303 0.36397 0.56447 0.41286 0.56447 0.41286 0.85449 0.03454 2.25899 0.29202
target: 1.00584 0.41256
fb: 0.41307 -0.01171 0.86307 1.00000
fb: 0.48280 -0.01798 0.82472 1.00000
dist/lin/ang/drive_left/drive_right/tv_l/tv_r/av_l/av_r/x/y/theta/t_err: 0.61383 1.09409 3.20618 0.50078 0.46483 0.55647 0.45617 0.55647 0.45617 1.17949 0.04723 2.20372 0.29687
target: 1.09409 0.41940
fb: 0.46934 -0.02313 0.89351 1.00000
fb: 0.52760 -0.02627 0.86147 1.00000
dist/lin/ang/drive_left/drive_right/tv_l/tv_r/av_l/av_r/x/y/theta/t_err: 0.60486 1.08004 3.28746 0.55386 0.50133 0.44694 0.48028 0.44694 0.48028 1.54880 0.06095 2.03376 0.30439
target: 1.08004 0.43003
fb: 0.59137 -0.02153 0.37952 1.00000
fb: 0.53333 -0.01491 0.41144 1.00000
dist/lin/ang/drive_left/drive_right/tv_l/tv_r/av_l/av_r/x/y/theta/t_err: 0.59360 1.06231 3.39125 0.54824 0.51842 0.54258 0.49536 0.54258 0.49536 2.01418 0.07662 1.82732 0.31400
target: 1.06231 0.44361
fb: 0.58585 -0.00996 0.32845 1.00000
fb: 0.66904 -0.01087 0.28269 1.00000
dist/lin/ang/drive_left/drive_right/tv_l/tv_r/av_l/av_r/x/y/theta/t_err: 0.58247 1.04723 3.48061 0.67991 0.65817 0.40483 0.53336 0.40483 0.53336 2.47526 0.09077 1.71059 0.32228
target: 1.04723 0.45530
fb: 0.64565 -0.00627 0.29232 1.00000
fb: 0.68471 0.00523 0.27084 1.00000
dist/lin/ang/drive_left/drive_right/tv_l/tv_r/av_l/av_r/x/y/theta/t_err: 0.57024 1.03183 3.57288 0.67948 0.68993 0.30525 0.55678 0.30525 0.55678 2.98343 0.10557 1.63292 0.33082
target: 1.03183 0.46737
fb: 0.72729 0.01839 0.22156 0.97776
fb: 0.69419 0.03052 0.23976 0.99597
dist/lin/ang/drive_left/drive_right/tv_l/tv_r/av_l/av_r/x/y/theta/t_err: 0.55650 1.01911 3.64991 0.66368 0.72471 0.26900 0.48475 0.26900 0.48475 3.55586 0.12214 1.71006 0.33796
target: 1.01911 0.47745
fb: 0.69441 0.04438 0.24035 0.99261
fb: 0.70787 0.05247 0.23295 0.98521
dist/lin/ang/drive_left/drive_right/tv_l/tv_r/av_l/av_r/x/y/theta/t_err: 0.54341 1.01340 3.68476 0.65541 0.76034 0.23886 0.44300 0.23886 0.44300 4.10236 0.13976 2.00745 0.34118
target: 1.01340 0.48200
fb: 0.68846 0.05316 0.28795 0.99773
fb: 0.70986 0.05658 0.27618 0.98596
dist/lin/ang/drive_left/drive_right/tv_l/tv_r/av_l/av_r/x/y/theta/t_err: 0.53043 1.01239 3.69090 0.65328 0.76644 0.24914 0.40825 0.24914 0.40825 4.64404 0.16090 2.46697 0.34175
target: 1.01239 0.48281
fb: 0.68647 0.06661 0.32326 1.00000
fb: 0.67676 0.06661 0.32860 1.00000
dist/lin/ang/drive_left/drive_right/tv_l/tv_r/av_l/av_r/x/y/theta/t_err: 0.51750 1.01312 3.68648 0.61015 0.74337 0.27906 0.38278 0.27906 0.38278 5.18396 0.18646 2.99373 0.34134
target: 1.01312 0.48223
fb: 0.86697 0.07295 0.23819 0.90302
fb: 0.71758 0.07915 0.32035 0.98519
dist/lin/ang/drive_left/drive_right/tv_l/tv_r/av_l/av_r/x/y/theta/t_err: 0.50117 1.01201 3.69323 0.63843 0.79673 0.29586 0.52564 0.29586 0.52564 5.86556 0.22428 3.61561 0.34197
target: 1.01201 0.48311
fb: 0.60306 0.08918 0.36782 1.00000
fb: 0.71560 0.09727 0.30593 0.98482
dist/lin/ang/drive_left/drive_right/tv_l/tv_r/av_l/av_r/x/y/theta/t_err: 0.48980 1.01979 3.64579 0.61833 0.81286 0.30919 0.39439 0.30919 0.39439 6.33925 0.25756 4.33101 0.33757
target: 1.01979 0.47691
fb: 0.71383 0.09978 0.38592 0.99399
fb: 0.76414 0.09699 0.35825 0.96632
dist/lin/ang/drive_left/drive_right/tv_l/tv_r/av_l/av_r/x/y/theta/t_err: 0.47631 1.02893 3.59039 0.66715 0.86113 0.32836 0.47022 0.32836 0.47022 6.89937 0.30432 5.18121 0.33244
target: 1.02893 0.46966
fb: 0.69618 0.09364 0.41942 1.00000
fb: 0.69816 0.09079 0.41832 1.00000
dist/lin/ang/drive_left/drive_right/tv_l/tv_r/av_l/av_r/x/y/theta/t_err: 0.46314 1.03796 3.53603 0.60738 0.78895 0.35761 0.46167 0.35761 0.46167 7.44493 0.35772 6.02015 0.32741
target: 1.03796 0.46255
fb: 0.75642 0.08905 0.39869 0.97942
fb: 0.92125 0.08584 0.30803 0.88876
dist/lin/ang/drive_left/drive_right/tv_l/tv_r/av_l/av_r/x/y/theta/t_err: 0.44881 1.04371 3.50157 0.83541 1.00709 0.39097 0.38603 0.39097 0.38603 8.03679 0.42432 6.81128 0.32422
target: 1.04371 0.45804
fb: 0.71361 0.07804 0.40596 1.00000
fb: 0.69817 0.07044 0.41446 1.00000
dist/lin/ang/drive_left/drive_right/tv_l/tv_r/av_l/av_r/x/y/theta/t_err: 0.43528 1.03716 3.47550 0.62772 0.76861 0.33811 0.46061 0.33811 0.46061 8.59439 0.49368 7.53941 0.32181
target: 1.03716 0.45463
fb: 0.93868 0.06417 0.22398 0.82491
fb: 0.79327 0.06306 0.30396 0.90489
dist/lin/ang/drive_left/drive_right/tv_l/tv_r/av_l/av_r/x/y/theta/t_err: 0.41748 1.00962 3.51315 0.73021 0.85633 0.35761 0.41956 0.35761 0.41956 9.32662 0.59437 8.14217 0.32529
target: 1.00962 0.45955
fb: 0.72156 0.06236 0.19218 0.87144
fb: 0.72729 0.05888 0.18903 0.86828
dist/lin/ang/drive_left/drive_right/tv_l/tv_r/av_l/av_r/x/y/theta/t_err: 0.40381 0.99010 3.53106 0.66842 0.78617 0.26419 0.44078 0.26419 0.44078 9.88866 0.67747 8.69242 0.32695
target: 0.99010 0.46190
fb: 0.76591 0.05888 0.19117 0.85140
fb: 0.71560 0.06550 0.21884 0.87907
dist/lin/ang/drive_left/drive_right/tv_l/tv_r/av_l/av_r/x/y/theta/t_err: 0.38931 0.96628 3.56884 0.65010 0.78109 0.20108 0.43256 0.20108 0.43256 10.48439 0.77131 9.20640 0.33045
target: 0.96628 0.46684
fb: 0.76216 0.06884 0.13814 0.82761
fb: 0.76988 0.07225 0.13389 0.82337
dist/lin/ang/drive_left/drive_right/tv_l/tv_r/av_l/av_r/x/y/theta/t_err: 0.37490 0.94337 3.60077 0.69763 0.84213 0.18683 0.43428 0.18683 0.43428 11.07627 0.87043 9.78132 0.33340
target: 0.94337 0.47102
fb: 0.73502 0.07623 0.13531 0.82352
fb: 0.73700 0.08361 0.13422 0.82243
dist/lin/ang/drive_left/drive_right/tv_l/tv_r/av_l/av_r/x/y/theta/t_err: 0.36101 0.92258 3.62198 0.65339 0.82061 0.15042 0.57028 0.15042 0.57028 11.64604 0.97200 10.41979 0.33537
target: 0.92258 0.47379
fb: 0.72354 0.10326 0.13458 0.81406
fb: 0.76988 0.13022 0.10909 0.78858
dist/lin/ang/drive_left/drive_right/tv_l/tv_r/av_l/av_r/x/y/theta/t_err: 0.34735 0.90523 3.62001 0.63965 0.90010 0.15519 0.50458 0.15519 0.50458 12.20566 1.07878 11.20077 0.33519
target: 0.90523 0.47353
fb: 0.73700 0.15656 0.13813 0.79034
fb: 0.70611 0.17426 0.15512 0.80733
dist/lin/ang/drive_left/drive_right/tv_l/tv_r/av_l/av_r/x/y/theta/t_err: 0.33342 0.89724 3.54793 0.53185 0.88036 0.13689 0.42281 0.13689 0.42281 12.77380 1.19696 12.39336 0.32851
target: 0.89724 0.46410
fb: 0.69419 0.18311 0.23894 0.79713
fb: 0.67102 0.18757 0.25169 0.80987
dist/lin/ang/drive_left/drive_right/tv_l/tv_r/av_l/av_r/x/y/theta/t_err: 0.32025 0.89986 3.40397 0.48345 0.85859 0.18122 0.48097 0.18122 0.48097 13.30609 1.32119 13.92797 0.31518
target: 0.89986 0.44527
fb: 0.69044 0.19105 0.34096 0.79051
fb: 0.68073 0.19656 0.34630 0.79585
dist/lin/ang/drive_left/drive_right/tv_l/tv_r/av_l/av_r/x/y/theta/t_err: 0.30709 0.90486 3.23757 0.48417 0.87728 0.26814 0.48611 0.26814 0.48611 13.83179 1.45967 15.57383 0.29977
target: 0.90486 0.42351
fb: 0.67300 0.20046 0.39264 0.78658
fb: 0.69022 0.20373 0.38318 0.77712
dist/lin/ang/drive_left/drive_right/tv_l/tv_r/av_l/av_r/x/y/theta/t_err: 0.29419 0.91230 3.05058 0.48648 0.89395 0.34461 0.51383 0.34461 0.51383 14.34002 1.60970 17.30172 0.28246
target: 0.91230 0.39905
fb: 0.67300 0.20812 0.43804 0.77490
fb: 0.67896 0.21293 0.43476 0.77163
dist/lin/ang/drive_left/drive_right/tv_l/tv_r/av_l/av_r/x/y/theta/t_err: 0.28123 0.92067 2.84952 0.46603 0.89189 0.37969 0.57256 0.37969 0.57256 14.84346 1.77507 19.09201 0.26384
target: 0.92067 0.37275
fb: 0.71758 0.21007 0.45121 0.73596
fb: 0.70588 0.20464 0.45764 0.74239
dist/lin/ang/drive_left/drive_right/tv_l/tv_r/av_l/av_r/x/y/theta/t_err: 0.26734 0.92714 2.64281 0.50124 0.91052 0.41819 0.59836 0.41819 0.59836 15.37429 1.96860 20.94205 0.24471
target: 0.92714 0.34571
fb: 0.76391 0.20324 0.44582 0.68692
fb: 0.79701 0.19635 0.42762 0.66871
dist/lin/ang/drive_left/drive_right/tv_l/tv_r/av_l/av_r/x/y/theta/t_err: 0.25248 0.92792 2.45352 0.60067 0.99336 0.43306 0.48250 0.43306 0.48250 15.93241 2.19285 22.73045 0.22718
target: 0.92792 0.32095
fb: 0.75266 0.18185 0.43630 0.66338
fb: 0.77958 0.16799 0.42150 0.64857
dist/lin/ang/drive_left/drive_right/tv_l/tv_r/av_l/av_r/x/y/theta/t_err: 0.23779 0.92495 2.28035 0.61160 0.94757 0.41614 0.49450 0.41614 0.49450 16.47551 2.43005 24.41282 0.21114
target: 0.92495 0.29829
fb: 0.74649 0.15663 0.42754 0.64220
fb: 0.77186 0.14966 0.41359 0.62824
dist/lin/ang/drive_left/drive_right/tv_l/tv_r/av_l/av_r/x/y/theta/t_err: 0.22317 0.91420 2.15021 0.62220 0.92153 0.41461 0.45719 0.41461 0.45719 17.00766 2.67962 25.85985 0.19909
target: 0.91420 0.28127
fb: 0.82041 0.14451 0.33151 0.57242
fb: 0.78157 0.13796 0.35287 0.59378
dist/lin/ang/drive_left/drive_right/tv_l/tv_r/av_l/av_r/x/y/theta/t_err: 0.20708 0.89220 2.06502 0.64361 0.91953 0.39697 0.45292 0.39697 0.45292 17.58574 2.96791 27.15949 0.19121
target: 0.89220 0.27013
fb: 0.81070 0.12981 0.25170 0.52849
fb: 0.83409 0.12444 0.23884 0.51562
dist/lin/ang/drive_left/drive_right/tv_l/tv_r/av_l/av_r/x/y/theta/t_err: 0.19115 0.86507 2.00537 0.70965 0.95853 0.33503 0.45036 0.33503 0.45036 18.15052 3.26541 28.34804 0.18568
target: 0.86507 0.26232
fb: 0.81842 0.12326 0.19103 0.48625
fb: 0.82416 0.12458 0.18788 0.48310
dist/lin/ang/drive_left/drive_right/tv_l/tv_r/av_l/av_r/x/y/theta/t_err: 0.17506 1.11579 1.97799 0.69958 0.94874 0.24861 0.45397 0.24861 0.45397 18.71472 3.57678 29.43214 0.18315
target: 1.11579 0.25874
fb: 0.79503 0.12646 1.00000 1.00000
fb: 0.79900 0.12953 1.00000 1.00000
dist/lin/ang/drive_left/drive_right/tv_l/tv_r/av_l/av_r/x/y/theta/t_err: 0.15680 1.05602 1.77297 0.66948 0.92853 0.22281 0.45736 0.22281 0.45736 19.25705 3.88944 30.51984 0.16416
target: 1.05602 0.23192
fb: 0.84380 0.13015 0.33597 0.41553
fb: 0.80673 0.13287 0.35636 0.43592
dist/lin/ang/drive_left/drive_right/tv_l/tv_r/av_l/av_r/x/y/theta/t_err: 0.14046 0.99948 1.56097 0.67386 0.93960 0.58744 0.63153 0.58744 0.63153 19.82605 4.23247 31.64455 0.14453
target: 0.99948 0.20419
fb: 0.81070 0.14026 0.33548 0.36908
fb: 0.85351 0.13775 0.31193 0.34553
dist/lin/ang/drive_left/drive_right/tv_l/tv_r/av_l/av_r/x/y/theta/t_err: 0.12475 0.94193 1.33875 0.71576 0.99126 0.37608 0.35469 0.37608 0.35469 20.36594 4.57304 32.82342 0.12396
target: 0.94193 0.17512
fb: 0.80474 0.12493 0.30486 0.28624
fb: 0.85527 0.11559 0.27707 0.25845
dist/lin/ang/drive_left/drive_right/tv_l/tv_r/av_l/av_r/x/y/theta/t_err: 0.10911 0.88089 1.11647 0.73968 0.97086 0.31944 0.34806 0.31944 0.34806 20.89488 4.92194 34.00270 0.10338
target: 0.88089 0.14604
fb: 0.84755 0.10779 0.22825 0.16892
fb: 0.77363 0.10110 0.26890 0.20957
dist/lin/ang/drive_left/drive_right/tv_l/tv_r/av_l/av_r/x/y/theta/t_err: 0.09250 0.81108 0.92947 0.67253 0.87473 0.28336 0.27650 0.28336 0.27650 21.44501 5.29973 34.99474 0.08606
target: 0.81108 0.12158
fb: 0.79702 0.09309 0.14948 0.09649
fb: 0.77584 0.08089 0.16113 0.10814
dist/lin/ang/drive_left/drive_right/tv_l/tv_r/av_l/av_r/x/y/theta/t_err: 0.07683 0.73922 0.76697 0.69494 0.85673 0.25083 0.21439 0.25083 0.21439 21.95634 5.66357 35.85682 0.07102
target: 0.73922 0.10033
fb: 0.76613 0.06933 0.08902 -0.09299
fb: 0.74671 0.05588 0.09970 -0.08231
dist/lin/ang/drive_left/drive_right/tv_l/tv_r/av_l/av_r/x/y/theta/t_err: 0.06171 0.66250 0.64037 0.69083 0.80259 0.17008 0.11394 0.17008 0.11394 22.44309 6.01992 36.52844 0.05929
target: 0.66250 0.08377
fb: 0.68448 0.03484 -0.08730 -0.13294
fb: 0.63417 0.01275 -0.05963 -0.10527
dist/lin/ang/drive_left/drive_right/tv_l/tv_r/av_l/av_r/x/y/theta/t_err: 0.04815 0.58518 0.55935 0.62142 0.64693 0.09392 -0.05853 0.09392 -0.05853 22.87488 6.34247 36.95828 0.05179
target: 0.58518 0.07317
fb: 0.63417 0.00307 -0.15608 -0.16327
fb: 0.59335 0.00125 -0.13363 -0.14081
dist/lin/ang/drive_left/drive_right/tv_l/tv_r/av_l/av_r/x/y/theta/t_err: 0.03549 0.50241 0.54235 0.59210 0.59461 -0.04517 -0.10436 -0.04517 -0.10436 23.27359 6.64311 37.04848 0.05022
target: 0.50241 0.07094
fb: 0.51016 0.00174 -0.06047 0.09894
fb: 0.42080 0.00383 0.06673 0.14809
dist/lin/ang/drive_left/drive_right/tv_l/tv_r/av_l/av_r/x/y/theta/t_err: 0.02529 0.42410 0.54098 0.41697 0.42463 -0.10233 -0.07650 -0.10233 -0.07650 23.59418 6.88515 37.05574 0.05009
target: 0.42410 0.07077
fb: 0.33540 0.00334 0.04150 0.14103
fb: 0.29105 0.00125 0.06590 0.16542
dist/lin/ang/drive_left/drive_right/tv_l/tv_r/av_l/av_r/x/y/theta/t_err: 0.01859 0.36360 0.53617 0.28980 0.29230 0.04708 0.11686 0.04708 0.11686 23.80491 7.04434 37.08126 0.04965
target: 0.36360 0.07014
fb: 0.25420 0.00411 0.06857 0.16318
fb: 0.25795 0.00955 0.06650 0.16112
dist/lin/ang/drive_left/drive_right/tv_l/tv_r/av_l/av_r/x/y/theta/t_err: 0.01351 0.30996 0.53346 0.24841 0.26750 0.07444 0.15333 0.07444 0.15333 23.96458 7.16504 37.09563 0.04939
target: 0.30996 0.06978
fb: 0.28112 0.01240 -0.06091 0.11375
fb: 0.27340 0.01491 -0.05666 0.11799
dist/lin/ang/drive_left/drive_right/tv_l/tv_r/av_l/av_r/x/y/theta/t_err: 0.00791 0.23720 0.51729 0.25849 0.28831 0.02994 0.14886 0.02994 0.14886 24.14105 7.29867 37.18145 0.04790
target: 0.23720 0.06767
fb: 0.27538 0.01832 -0.15359 -0.08551
fb: 0.26567 0.02745 -0.14825 -0.08017
dist/lin/ang/drive_left/drive_right/tv_l/tv_r/av_l/av_r/x/y/theta/t_err: 0.00244 0.00061 0.49144 0.23822 0.29313 -0.07203 0.07256 -0.07203 0.07256 24.31366 7.42991 37.31855 0.04550
target: 0.00061 0.06429
fb: 0.24052 0.04543 -0.67179 -0.61968
fb: 0.20764 0.06661 -0.65370 -0.60159
dist/lin/ang/drive_left/drive_right/tv_l/tv_r/av_l/av_r/x/y/theta/t_err: -0.00229 -0.00057 0.43889 0.14103 0.27425 -0.20431 -0.11808 -0.20431 -0.11808 24.46403 7.54505 37.59737 0.04064
target: -0.00057 0.05741
fb: 0.12600 0.07337 -0.04913 0.05002
fb: 0.04259 0.06264 -0.04913 0.05002
dist/lin/ang/drive_left/drive_right/tv_l/tv_r/av_l/av_r/x/y/theta/t_err: -0.00464 -0.00116 0.32864 -0.02005 0.10523 -0.35042 -0.13092 -0.35042 -0.13092 24.54239 7.60588 38.18224 0.03043
target: -0.00116 0.04299
fb: 0.00397 0.05358 -0.04049 -0.04566
fb: 0.00000 0.04954 -0.04049 -0.04566
dist/lin/ang/drive_left/drive_right/tv_l/tv_r/av_l/av_r/x/y/theta/t_err: -0.00457 -0.00114 0.22914 -0.04954 0.04954 -0.07581 0.01678 -0.07581 0.01678 24.54485 7.60782 38.71011 0.02122
target: -0.00114 0.02997
fb: 0.00000 0.04759 0.04317 -0.04884
fb: 0.00000 0.04682 0.04317 -0.04884
final error: 0.67132, x: -0.54485, y: 0.39218
final local error: 0.67132, forwards: -0.17508, sideways: 0.64808
position: 24.54485 7.60782 39.13585
took 1.24000 time to finish turn
WARNING - pros.serial.terminal.terminal:reader - Connection to /dev/ttyACM1 broken - pros-cli version:3.5.6
WARNING - pros.serial.terminal.terminal:stop - Stopping terminal - pros-cli version:3.5.6

[tomas@nixbtw:~/projects/Robotics/current/Cognex]$

