
[tomas@nixbtw:~/projects/Robotics/current/Cognex]$ t
Not sending analytics for this command.

Established terminal connection



         _+=+_
      .-`  .  `-.          8888888b.  8888888b.   .d88888b.   .d8888b.
   _+`     "     `+_       888   Y88b 888   Y88b d88P" "Y88b d88P  Y88b
  \\\sssssssssssss///      888    888 888    888 888     888 Y88b.
     .ss\  *  /ss.         888   d88P 888   d88P 888     888  "Y888b.
 .+bm  .s  *  s.  md+.     8888888P"  8888888P"  888     888     "Y88b.
.hMMMMs .  *  . sMMMMh.    888        888 T88b   888     888       "888
 `\hMMMb \ | / dMMMh:      888        888  T88b  Y88b. .d88P Y88b  d88P
   -SNMNo  -  oNMNs-       888        888   T88b  "Y88888P"   "Y8888P"
     `+dMh\./dMd/
        `:yNy:`                      Powered by PROS for VEX V5
           "                Copyright (c) Purdue University ACM SIGBots
Version:        4.2.1     Platform:  V1.1.5 (b18)     Uptime:    0.000 s
Compiled:   Jan  1 1980 00:00:00     Directory:


bouncing done
health done
auton done
calibrated!
starting task: 2318294
initializing odom model
timed correctly: 2321166
initializing pf model
initializing smoother model
target: 0.000 0.157
dist/lin/ang/drive_left/drive_right/tv_l/tv_r/av_l/av_r/x/y/theta/t_err: 1.57079 0.00000 1.20000 0.00000 0.00000 0.00000 0.00000 0.00000 0.00000 0 0 0.00014 1.57079
fb: 0.00000 0.00000 -0.85057 0.85860
fb: 0.00000 0.00000 -0.85057 0.85860
target: 0.00000 0.31394
dist/lin/ang/drive_left/drive_right/tv_l/tv_r/av_l/av_r/x/y/theta/t_err: 1.57079 0.00000 2.40000 0.00000 0.00000 -0.02772 0.05150 -0.02772 0.05150 0 0 0.00014 1.57079
fb: 0.00000 0.00000 -1.00000 1.00000
fb: 0.00000 0.01136 -1.00000 1.00000
target: 0.00000 0.47092
dist/lin/ang/drive_left/drive_right/tv_l/tv_r/av_l/av_r/x/y/theta/t_err: 1.56047 0.00000 3.60000 -0.01136 0.01136 -0.48186 0.51864 -0.48186 0.51864 0 0 0.59152 1.56047
fb: 0.00000 0.05003 -1.00000 1.00000
fb: 0.00000 0.09769 -1.00000 1.00000
target: 0.00000 0.62789
dist/lin/ang/drive_left/drive_right/tv_l/tv_r/av_l/av_r/x/y/theta/t_err: 1.47866 0.00000 4.80000 -0.09769 0.09769 -0.64972 0.56894 -0.64972 0.56894 0 0 5.27899 1.47866
fb: 0.00000 0.13482 -1.00000 1.00000
fb: 0.00000 0.17510 -1.00000 1.00000
target: 0.00000 0.78486
dist/lin/ang/drive_left/drive_right/tv_l/tv_r/av_l/av_r/x/y/theta/t_err: 1.39217 0.00000 6.00000 -0.17510 0.17510 -0.77478 0.70292 -0.77478 0.70292 0 0 10.23470 1.39217
fb: 0.00000 0.21446 -1.00000 1.00000
fb: 0.00000 0.25703 -1.00000 1.00000
target: 0.00000 0.78486
dist/lin/ang/drive_left/drive_right/tv_l/tv_r/av_l/av_r/x/y/theta/t_err: 1.28956 0.00000 6.00000 -0.25703 0.25703 -0.81228 0.76297 -0.81228 0.76297 0 0 16.11382 1.28956
fb: -0.00397 0.29961 -0.80751 0.82810
fb: -0.00397 0.34113 -0.78674 0.80733
target: 0.00000 0.78486
dist/lin/ang/drive_left/drive_right/tv_l/tv_r/av_l/av_r/x/y/theta/t_err: 1.17233 0.00000 6.00000 -0.34510 0.33716 -0.66953 0.71200 -0.66953 0.71200 0 0 22.83057 1.17233
fb: 0.00000 0.37715 -0.76873 0.78932
fb: 0.00397 0.40997 -0.75232 0.77291
target: 0.00000 0.78486
dist/lin/ang/drive_left/drive_right/tv_l/tv_r/av_l/av_r/x/y/theta/t_err: 1.05647 0.00000 6.00000 -0.40600 0.41394 -0.61653 0.62403 -0.61653 0.62403 0 0 29.46865 1.05647
fb: 0.00000 0.44251 -0.73605 0.75664
fb: -0.00397 0.47540 -0.71961 0.74020
target: 0.00000 0.78486
dist/lin/ang/drive_left/drive_right/tv_l/tv_r/av_l/av_r/x/y/theta/t_err: 0.93324 0.00000 6.00000 -0.47937 0.47143 -0.64453 0.63122 -0.64453 0.63122 0 0 36.52935 0.93324
fb: 0.00397 0.50780 -0.70341 0.72400
fb: 0.00000 0.54034 -0.68714 0.70773
target: 0.00000 0.78486
dist/lin/ang/drive_left/drive_right/tv_l/tv_r/av_l/av_r/x/y/theta/t_err: 0.80053 0.00000 6.00000 -0.54034 0.54034 -0.62386 0.65244 -0.62386 0.65244 0 0 44.13283 0.80053
fb: -0.00397 0.57322 -0.67070 0.69129
fb: 0.00000 0.60472 -0.65495 0.67554
target: 0.00000 0.74070
dist/lin/ang/drive_left/drive_right/tv_l/tv_r/av_l/av_r/x/y/theta/t_err: 0.65842 0.00000 5.66238 -0.60472 0.60472 -0.61119 0.59428 -0.61119 0.59428 0 0 52.27553 0.65842
fb: 0.00000 0.63496 -0.38942 0.40913
fb: 0.00397 0.66338 -0.37521 0.39491
target: 0.00000 0.57576
dist/lin/ang/drive_left/drive_right/tv_l/tv_r/av_l/av_r/x/y/theta/t_err: 0.51180 0.00000 4.40148 -0.65941 0.66735 -0.55028 0.56703 -0.55028 0.56703 0 0 60.67603 0.51180
fb: 0.00397 0.68359 0.44940 -0.44278
fb: 0.00000 0.69320 0.45421 -0.44759
target: 0.00000 0.43072
dist/lin/ang/drive_left/drive_right/tv_l/tv_r/av_l/av_r/x/y/theta/t_err: 0.38287 0.00000 3.29268 -0.69320 0.69320 -0.33881 0.29792 -0.33881 0.29792 0 0 68.06317 0.38287
fb: -0.00397 0.68979 0.53267 -0.52895
fb: 0.00000 0.67669 0.52612 -0.52240
target: 0.00000 0.32900
dist/lin/ang/drive_left/drive_right/tv_l/tv_r/av_l/av_r/x/y/theta/t_err: 0.29246 0.00000 2.51512 -0.67669 0.67669 0.25156 -0.19661 0.25156 -0.19661 0 0 73.24351 0.29246
fb: -0.00000 0.63509 0.42934 -0.42766
fb: -0.00397 0.58075 0.40217 -0.40048
target: 0.00000 0.31325
dist/lin/ang/drive_left/drive_right/tv_l/tv_r/av_l/av_r/x/y/theta/t_err: 0.27845 0.00000 2.39467 -0.58472 0.57678 0.32033 -0.41200 0.32033 -0.41200 0 0 74.04597 0.27845
fb: -0.01743 0.53183 -0.06870 0.07986
fb: -0.04832 0.47484 -0.09720 0.10836
target: 0.00000 0.32367
dist/lin/ang/drive_left/drive_right/tv_l/tv_r/av_l/av_r/x/y/theta/t_err: 0.28771 0.00000 2.47435 -0.52316 0.42652 0.25411 -0.31244 0.25411 -0.31244 0 0 73.51515 0.28771
fb: -0.06200 0.42210 -0.25357 0.26494
fb: -0.06024 0.37012 -0.27956 0.29093
target: 0.00000 0.35127
dist/lin/ang/drive_left/drive_right/tv_l/tv_r/av_l/av_r/x/y/theta/t_err: 0.31225 0.00000 2.68538 -0.43036 0.30988 -0.10144 0.07992 -0.10144 0.07992 0 0 72.10922 0.31225
fb: -0.04082 0.32866 -0.40990 0.42182
fb: -0.01942 0.30971 -0.41938 0.43130
target: 0.00000 0.35119
dist/lin/ang/drive_left/drive_right/tv_l/tv_r/av_l/av_r/x/y/theta/t_err: 0.31218 0.00000 2.68476 -0.32913 0.29029 -0.27411 0.26967 -0.27411 0.26967 0 0 72.11329 0.31218
fb: -0.01545 0.29961 -0.29976 0.31167
fb: -0.02118 0.29800 -0.30056 0.31248
target: 0.00000 0.31030
dist/lin/ang/drive_left/drive_right/tv_l/tv_r/av_l/av_r/x/y/theta/t_err: 0.27583 0.00000 2.37211 -0.31919 0.27682 -0.35933 0.38158 -0.35933 0.38158 0 0 74.19628 0.27583
fb: -0.02515 0.31716 -0.05945 0.07055
fb: -0.03111 0.33772 -0.04917 0.06027
target: 0.00000 0.21742
dist/lin/ang/drive_left/drive_right/tv_l/tv_r/av_l/av_r/x/y/theta/t_err: 0.19327 0.00000 1.66208 -0.36883 0.30661 -0.24814 0.27564 -0.24814 0.27564 0 0 78.92670 0.19327
fb: -0.03883 0.34643 0.31131 -0.31185
fb: -0.04457 0.34239 0.31131 -0.31185
target: 0.00000 0.15443
dist/lin/ang/drive_left/drive_right/tv_l/tv_r/av_l/av_r/x/y/theta/t_err: 0.13727 0.00000 1.18053 -0.38696 0.29781 -0.00069 0.05050 -0.00069 0.05050 0 0 82.13496 0.13727
fb: -0.04656 0.33458 0.21902 -0.22083
fb: -0.03685 0.31675 0.21902 -0.22083
target: 0.00000 0.12219
dist/lin/ang/drive_left/drive_right/tv_l/tv_r/av_l/av_r/x/y/theta/t_err: 0.10861 0.00000 0.93407 -0.35360 0.27990 0.24128 -0.23319 0.24128 -0.23319 0 0 83.77694 0.10861
fb: -0.01942 0.27153 0.10224 -0.10469
fb: -0.00397 0.21753 0.10224 -0.10469
target: 0.00000 0.17149
dist/lin/ang/drive_left/drive_right/tv_l/tv_r/av_l/av_r/x/y/theta/t_err: 0.15244 0.00000 1.31095 -0.22150 0.21356 0.19078 -0.18703 0.19078 -0.18703 0 0 81.26605 0.15244
fb: 0.00000 0.17084 -0.37577 0.38409
fb: -0.01147 0.11977 -0.37577 0.38409
target: 0.00000 0.23586
dist/lin/ang/drive_left/drive_right/tv_l/tv_r/av_l/av_r/x/y/theta/t_err: 0.20966 0.00000 1.80309 -0.13125 0.10830 0.06556 -0.01267 0.06556 -0.01267 0 0 77.98728 0.20966
fb: -0.02317 0.07985 -0.48675 0.49636
fb: -0.02714 0.06501 -0.48675 0.49636
target: 0.00000 0.27291
dist/lin/ang/drive_left/drive_right/tv_l/tv_r/av_l/av_r/x/y/theta/t_err: 0.24259 0.00000 2.08629 -0.09215 0.03787 -0.29703 0.34872 -0.29703 0.34872 0 0 76.10052 0.24259
fb: -0.02714 0.06731 -0.49138 0.50173
fb: -0.01567 0.10047 -0.47479 0.48514
target: 0.00000 0.22518
dist/lin/ang/drive_left/drive_right/tv_l/tv_r/av_l/av_r/x/y/theta/t_err: 0.20016 0.00000 1.72141 -0.11614 0.08481 -0.43992 0.45275 -0.43992 0.45275 0 0 78.53147 0.20016
fb: -0.00397 0.14444 0.10294 -0.10333
fb: 0.00000 0.18213 0.10294 -0.10333
target: 0.00000 0.12241
dist/lin/ang/drive_left/drive_right/tv_l/tv_r/av_l/av_r/x/y/theta/t_err: 0.10881 0.00000 0.93578 -0.18213 0.18213 -0.39028 0.27311 -0.39028 0.27311 0 0 83.76553 0.10881
fb: -0.00375 0.21098 0.41946 -0.42191
fb: -0.00375 0.21084 0.41946 -0.42191
target: 0.00000 0.06059
dist/lin/ang/drive_left/drive_right/tv_l/tv_r/av_l/av_r/x/y/theta/t_err: 0.05386 0.00000 0.46321 -0.21459 0.20709 0.06214 -0.14083 0.06214 -0.14083 0 0 86.91396 0.05386
fb: 0.00000 0.20129 0.27660 -0.28029
fb: 0.00000 0.17635 0.27660 -0.28029
target: 0.00000 0.06008
dist/lin/ang/drive_left/drive_right/tv_l/tv_r/av_l/av_r/x/y/theta/t_err: 0.05340 0.00000 0.45927 -0.17635 0.17635 0.32733 -0.35181 0.32733 -0.35181 0 0 86.94018 0.05340
fb: -0.00397 0.13252 -0.07696 0.08305
fb: -0.00397 0.08103 -0.07696 0.08305
target: 0.00000 0.12932
dist/lin/ang/drive_left/drive_right/tv_l/tv_r/av_l/av_r/x/y/theta/t_err: 0.11496 0.00000 0.98863 -0.08500 0.07706 0.16153 -0.23083 0.16153 -0.23083 0 0 83.41342 0.11496
fb: 0.00000 0.03693 -0.43728 0.44476
fb: 0.00000 0.01498 -0.43728 0.44476
target: 0.00000 0.18467
dist/lin/ang/drive_left/drive_right/tv_l/tv_r/av_l/av_r/x/y/theta/t_err: 0.16416 0.00000 1.41174 -0.01498 0.01498 -0.14083 0.08608 -0.14083 0.08608 0 0 80.59457 0.16416
fb: 0.00000 0.00941 -0.41181 0.42040
fb: 0.00000 0.00773 -0.41181 0.42040
target: 0.00000 0.18957
dist/lin/ang/drive_left/drive_right/tv_l/tv_r/av_l/av_r/x/y/theta/t_err: 0.16851 0.00000 1.44923 -0.00773 0.00773 -0.37933 0.36961 -0.37933 0.36961 0 0 80.34482 0.16851
fb: -0.00397 0.04006 -0.18810 0.19679
fb: -0.00397 0.08201 -0.18810 0.19679
target: 0.00000 0.11041
dist/lin/ang/drive_left/drive_right/tv_l/tv_r/av_l/av_r/x/y/theta/t_err: 0.09814 0.00000 0.84404 -0.08598 0.07804 -0.31758 0.37286 -0.31758 0.37286 0 0 84.37676 0.09814
fb: 0.00000 0.11503 0.32129 -0.32398
fb: 0.00000 0.13524 0.32129 -0.32398
target: 0.00000 0.04073
dist/lin/ang/drive_left/drive_right/tv_l/tv_r/av_l/av_r/x/y/theta/t_err: 0.03621 0.00000 0.31137 -0.13524 0.13524 -0.09067 0.15689 -0.09067 0.15689 0 0 87.92553 0.03621
fb: 0.00000 0.13740 0.32528 -0.32936
fb: 0.00000 0.12883 0.32528 -0.32936
target: 0.00000 0.02418
dist/lin/ang/drive_left/drive_right/tv_l/tv_r/av_l/av_r/x/y/theta/t_err: 0.02149 0.00000 0.18481 -0.12883 0.12883 0.26828 -0.22672 0.26828 -0.22672 0 0 88.76873 0.02149
fb: 0.00000 0.11197 0.09733 -0.10174
fb: 0.00000 0.07253 0.09733 -0.10174
target: 0.00000 0.06031
dist/lin/ang/drive_left/drive_right/tv_l/tv_r/av_l/av_r/x/y/theta/t_err: 0.05361 0.00000 0.46108 -0.07253 0.07253 0.22758 -0.27600 0.22758 -0.27600 0 0 86.92815 0.05361
fb: -0.00375 0.02508 -0.24206 0.24816
fb: 0.00000 -0.01171 -0.24206 0.24816
target: 0.00000 0.13623
dist/lin/ang/drive_left/drive_right/tv_l/tv_r/av_l/av_r/x/y/theta/t_err: 0.12110 0.00000 1.04142 0.01171 -0.01171 0.00153 -0.07886 0.00153 -0.07886 0 0 83.06176 0.12110
fb: 0.00375 -0.03087 -0.47191 0.47953
fb: 0.00000 -0.03546 -0.47191 0.47953
target: 0.00000 0.16316
dist/lin/ang/drive_left/drive_right/tv_l/tv_r/av_l/av_r/x/y/theta/t_err: 0.14503 0.00000 1.24729 0.03546 -0.03546 -0.27789 0.22225 -0.27789 0.22225 0 0 81.69021 0.14503
fb: 0.00000 -0.03226 -0.26952 0.27768
fb: -0.00375 0.00502 -0.26952 0.27768
target: 0.00000 0.12768
dist/lin/ang/drive_left/drive_right/tv_l/tv_r/av_l/av_r/x/y/theta/t_err: 0.11350 0.00000 0.97609 -0.00877 0.00127 -0.36394 0.41186 -0.36394 0.41186 0 0 83.49702 0.11350
fb: -0.00375 0.05365 0.11312 -0.11546
fb: 0.00000 0.08793 0.11312 -0.11546
target: 0.00000 0.03995
dist/lin/ang/drive_left/drive_right/tv_l/tv_r/av_l/av_r/x/y/theta/t_err: 0.03551 0.00000 0.30540 -0.08793 0.08793 -0.15417 0.27447 -0.15417 0.27447 0 0 87.96533 0.03551
fb: 0.00375 0.10786 0.40705 -0.41115
fb: 0.00375 0.10263 0.40705 -0.41115
target: 0.00000 0.00905
dist/lin/ang/drive_left/drive_right/tv_l/tv_r/av_l/av_r/x/y/theta/t_err: 0.00805 0.00000 0.06919 -0.09888 0.10638 0.16736 -0.08728 0.16736 -0.08728 0 0 89.53902 0.00805
fb: 0.00000 0.09204 0.17200 -0.17671
fb: -0.00375 0.07198 0.17200 -0.17671
final error was 4.93252
position: -0.12737 -0.22707 85.06748
took 0.84000 time to finish turn
WARNING - pros.serial.terminal.terminal:stop - Stopping terminal - pros-cli version:3.5.6

[tomas@nixbtw:~/projects/Robotics/current/Cognex]$

