
[tomas@nixbtw:~/projects/Robotics/current/Cognex]$ t
Not sending analytics for this command.

Established terminal connection



         _+=+_
      .-`  .  `-.          8888888b.  8888888b.   .d88888b.   .d8888b.
   _+`     "     `+_       888   Y88b 888   Y88b d88P" "Y88b d88P  Y88b
  \\\sssssssssssss///      888    888 888    888 888     888 Y88b.
     .ss\  *  /ss.         888   d88P 888   d88P 888     888  "Y888b.
 .+bm  .s  *  s.  md+.     8888888P"  8888888P"  888     888     "Y88b.
.hMMMMs .  *  . sMMMMh.    888        888 T88b   888     888       "888
 `\hMMMb \ | / dMMMh:      888        888  T88b  Y88b. .d88P Y88b  d88P
   -SNMNo  -  oNMNs-       888        888   T88b  "Y88888P"   "Y8888P"
     `+dMh\./dMd/
        `:yNy:`                      Powered by PROS for VEX V5
           "                Copyright (c) Purdue University ACM SIGBots
Version:        4.2.1     Platform:  V1.1.5 (b18)     Uptime:    0.000 s
Compiled:   Jan  1 1980 00:00:00     Directory:


bouncing done
health done
auton done
calibrated!
starting task: 2318294
initializing odom model
timed correctly: 2321167
initializing pf model
initializing smoother model
target: 0.000 0.157
dist/lin/ang/drive_left/drive_right/tv_l/tv_r/av_l/av_r/x/y/theta/t_err: 1.57080 0.00000 1.20000 -0.00199 -0.00199 0.00000 -0.00017 0.00000 -0.00017 0 0 -0.00009 1.57080
fb: -0.00199 0.00000 -0.85057 0.85860
fb: 0.00199 0.00000 -0.85057 0.85860
target: 0.00000 0.31394
dist/lin/ang/drive_left/drive_right/tv_l/tv_r/av_l/av_r/x/y/theta/t_err: 1.57080 0.00000 2.40000 0.00199 0.00199 -0.02839 0.05442 -0.02839 0.05442 0 0 -0.00013 1.57080
fb: 0.00199 0.00000 -1.00000 1.00000
fb: -0.00596 0.01164 -1.00000 1.00000
target: 0.00000 0.47092
dist/lin/ang/drive_left/drive_right/tv_l/tv_r/av_l/av_r/x/y/theta/t_err: 1.56022 0.00000 3.60000 -0.01759 0.00568 -0.48425 0.40725 -0.48425 0.40725 0 0 0.60600 1.56022
fb: -0.00199 0.04027 -1.00000 1.00000
fb: 0.00397 0.08082 -1.00000 1.00000
target: 0.00000 0.62789
dist/lin/ang/drive_left/drive_right/tv_l/tv_r/av_l/av_r/x/y/theta/t_err: 1.49448 0.00000 4.80000 -0.07685 0.08480 -0.66544 0.40192 -0.66544 0.40192 0 0 4.37289 1.49448
fb: 0.00000 0.11956 -1.00000 1.00000
fb: -0.00397 0.15851 -1.00000 1.00000
target: 0.00000 0.78486
dist/lin/ang/drive_left/drive_right/tv_l/tv_r/av_l/av_r/x/y/theta/t_err: 1.41004 0.00000 6.00000 -0.16248 0.15454 -0.77514 0.62933 -0.77514 0.62933 0 0 9.21042 1.41004
fb: -0.00772 0.19795 -1.00000 1.00000
fb: -0.00772 0.24150 -1.00000 1.00000
target: 0.00000 0.78486
dist/lin/ang/drive_left/drive_right/tv_l/tv_r/av_l/av_r/x/y/theta/t_err: 1.30896 0.00000 6.00000 -0.24922 0.23377 -0.80917 0.73442 -0.80917 0.73442 0 0 15.00239 1.30896
fb: -0.00397 0.28281 -0.81590 0.83649
fb: 0.00000 0.32141 -0.79660 0.81719
target: 0.00000 0.78486
dist/lin/ang/drive_left/drive_right/tv_l/tv_r/av_l/av_r/x/y/theta/t_err: 1.19798 0.00000 6.00000 -0.32141 0.32141 -0.77869 0.68922 -0.77869 0.68922 0 0 21.36086 1.19798
fb: -0.00375 0.35479 -0.77991 0.80051
fb: -0.00000 0.38942 -0.76260 0.78319
target: 0.00000 0.78486
dist/lin/ang/drive_left/drive_right/tv_l/tv_r/av_l/av_r/x/y/theta/t_err: 1.08598 0.00000 6.00000 -0.38942 0.38942 -0.61053 0.56364 -0.61053 0.56364 0 0 27.77785 1.08598
fb: 0.00375 0.42314 -0.74574 0.76633
fb: 0.00000 0.45380 -0.73041 0.75100
target: 0.00000 0.78486
dist/lin/ang/drive_left/drive_right/tv_l/tv_r/av_l/av_r/x/y/theta/t_err: 0.96684 0.00000 6.00000 -0.45380 0.45380 -0.59769 0.57064 -0.59769 0.57064 0 0 34.60387 0.96684
fb: 0.00000 0.48292 -0.71585 0.73644
fb: 0.00000 0.51149 -0.70156 0.72216
target: 0.00000 0.78486
dist/lin/ang/drive_left/drive_right/tv_l/tv_r/av_l/av_r/x/y/theta/t_err: 0.84413 0.00000 6.00000 -0.51149 0.51149 -0.59375 0.58108 -0.59375 0.58108 0 0 41.63504 0.84413
fb: 0.00000 0.53804 -0.68829 0.70888
fb: 0.00000 0.56340 -0.67561 0.69620
target: 0.00000 0.65518
dist/lin/ang/drive_left/drive_right/tv_l/tv_r/av_l/av_r/x/y/theta/t_err: 0.71803 0.00000 5.00867 -0.56340 0.56340 -0.60897 0.59783 -0.60897 0.59783 0 0 48.85987 0.71803
fb: -0.00375 0.59029 0.15115 -0.14294
fb: -0.01942 0.61628 0.16414 -0.15593
target: 0.00000 0.49263
dist/lin/ang/drive_left/drive_right/tv_l/tv_r/av_l/av_r/x/y/theta/t_err: 0.58307 0.00000 3.76603 -0.63570 0.59687 -0.28539 0.39611 -0.28539 0.39611 0 0 56.59250 0.58307
fb: -0.02339 0.64137 0.51480 -0.50984
fb: -0.02118 0.64353 0.51588 -0.51092
target: 0.00000 0.37651
dist/lin/ang/drive_left/drive_right/tv_l/tv_r/av_l/av_r/x/y/theta/t_err: 0.46340 0.00000 2.87831 -0.66471 0.62234 0.17094 -0.12936 0.17094 -0.12936 0 0 63.44905 0.46340
fb: -0.02515 0.62534 0.43373 -0.43109
fb: -0.01169 0.58075 0.41143 -0.40879
target: 0.00000 0.42740
dist/lin/ang/drive_left/drive_right/tv_l/tv_r/av_l/av_r/x/y/theta/t_err: 0.42318 0.00000 3.26733 -0.59244 0.56905 0.37011 -0.29875 0.37011 -0.29875 0 0 65.75349 0.42318
fb: 0.00000 0.52654 -0.50480 0.51824
fb: -0.00397 0.47470 -0.53072 0.54416
target: 0.00000 0.49974
dist/lin/ang/drive_left/drive_right/tv_l/tv_r/av_l/av_r/x/y/theta/t_err: 0.43332 0.00000 3.82038 -0.47867 0.47073 0.18036 -0.24928 0.18036 -0.24928 0 0 65.17243 0.43332
fb: -0.00397 0.42084 -0.73886 0.75375
fb: 0.00000 0.36552 -0.76652 0.78141
target: 0.00000 0.55476
dist/lin/ang/drive_left/drive_right/tv_l/tv_r/av_l/av_r/x/y/theta/t_err: 0.46214 0.00000 4.24094 -0.36552 0.36552 -0.33572 0.33758 -0.33572 0.33758 0 0 63.52140 0.46214
fb: 0.00000 0.33925 -0.76602 0.78201
fb: 0.00000 0.33333 -0.76898 0.78497
target: 0.00000 0.45912
dist/lin/ang/drive_left/drive_right/tv_l/tv_r/av_l/av_r/x/y/theta/t_err: 0.43611 0.00000 3.50984 -0.33333 0.33333 -0.64250 0.63636 -0.64250 0.63636 0 0 65.01255 0.43611
fb: 0.00000 0.35869 0.11155 -0.10726
fb: 0.00000 0.40119 0.13280 -0.12852
target: 0.00000 0.22511
dist/lin/ang/drive_left/drive_right/tv_l/tv_r/av_l/av_r/x/y/theta/t_err: 0.32241 0.00000 1.72089 -0.40119 0.40119 -0.44436 0.46575 -0.44436 0.46575 0 0 71.52752 0.32241
fb: 0.00000 0.43673 0.94125 -0.94165
fb: 0.00000 0.45324 0.94125 -0.94165
target: 0.00000 0.10635
dist/lin/ang/drive_left/drive_right/tv_l/tv_r/av_l/av_r/x/y/theta/t_err: 0.21262 0.00000 0.81297 -0.45324 0.45324 0.12114 -0.05544 0.12114 -0.05544 0 0 77.81790 0.21262
fb: 0.00000 0.44572 0.67190 -0.67467
fb: 0.00000 0.40335 0.65072 -0.65348
target: 0.00000 0.18475
dist/lin/ang/drive_left/drive_right/tv_l/tv_r/av_l/av_r/x/y/theta/t_err: 0.18930 0.00000 1.41235 -0.40335 0.40335 0.44847 -0.43925 0.44847 -0.43925 0 0 79.15371 0.18930
fb: 0.00000 0.35353 -0.51563 0.52422
fb: 0.00000 0.29877 -0.51563 0.52422
target: 0.00000 0.29533
dist/lin/ang/drive_left/drive_right/tv_l/tv_r/av_l/av_r/x/y/theta/t_err: 0.22458 0.00000 2.25770 -0.29877 0.29877 0.26625 -0.23903 0.26625 -0.23903 0 0 77.13250 0.22458
fb: 0.00000 0.24101 -0.76166 0.77247
fb: 0.00000 0.19210 -0.78612 0.79692
target: 0.00000 0.37757
dist/lin/ang/drive_left/drive_right/tv_l/tv_r/av_l/av_r/x/y/theta/t_err: 0.27808 0.00000 2.88640 -0.19210 0.19210 -0.20278 0.20244 -0.20278 0.20244 0 0 74.06706 0.27808
fb: -0.00772 0.17433 -0.76370 0.77614
fb: -0.00772 0.16820 -0.76676 0.77921
target: 0.00000 0.29567
dist/lin/ang/drive_left/drive_right/tv_l/tv_r/av_l/av_r/x/y/theta/t_err: 0.27073 0.00000 2.26032 -0.17592 0.16047 -0.55322 0.55972 -0.55322 0.55972 0 0 74.48815 0.27073
fb: 0.00000 0.18931 0.15628 -0.15526
fb: -0.00375 0.23091 0.17708 -0.17606
target: 0.00000 0.10895
dist/lin/ang/drive_left/drive_right/tv_l/tv_r/av_l/av_r/x/y/theta/t_err: 0.18696 0.00000 0.83292 -0.23466 0.22715 -0.43069 0.68647 -0.43069 0.68647 0 0 79.28809 0.18696
fb: -0.00375 0.27111 0.80625 -0.80897
fb: 0.00000 0.28755 0.80625 -0.80897
target: 0.00000 0.00432
dist/lin/ang/drive_left/drive_right/tv_l/tv_r/av_l/av_r/x/y/theta/t_err: 0.09873 0.00000 0.03301 -0.28755 0.28755 0.13825 -0.08383 0.13825 -0.08383 0 0 84.34305 0.09873
fb: 0.00000 0.27815 0.64391 -0.64872
fb: 0.00000 0.24115 0.50699 -0.51180
target: 0.00000 0.10844
dist/lin/ang/drive_left/drive_right/tv_l/tv_r/av_l/av_r/x/y/theta/t_err: 0.09761 0.00000 0.82901 -0.24115 0.24115 0.44558 -0.44964 0.44558 -0.44964 0 0 84.40755 0.09761
fb: 0.00000 0.20081 -0.58024 0.58730
fb: 0.00375 0.14932 -0.58024 0.58730
target: 0.00000 0.22196
dist/lin/ang/drive_left/drive_right/tv_l/tv_r/av_l/av_r/x/y/theta/t_err: 0.14564 0.00000 1.69678 -0.14556 0.15307 0.18464 -0.26383 0.18464 -0.26383 0 0 81.65554 0.14564
fb: -0.00000 0.09782 -0.69855 0.70788
fb: 0.00000 0.06222 -0.69855 0.70788
target: 0.00000 0.29997
dist/lin/ang/drive_left/drive_right/tv_l/tv_r/av_l/av_r/x/y/theta/t_err: 0.20394 0.00000 2.29320 -0.06222 0.06222 -0.26042 0.20189 -0.26042 0.20189 0 0 78.31500 0.20394
fb: 0.00375 0.04891 -0.71662 0.72751
fb: -0.00375 0.05435 -0.71390 0.72479
target: 0.00000 0.22440
dist/lin/ang/drive_left/drive_right/tv_l/tv_r/av_l/av_r/x/y/theta/t_err: 0.20179 0.00000 1.71549 -0.05810 0.05060 -0.57953 0.55456 -0.57953 0.55456 0 0 78.43829 0.20179
fb: -0.00000 0.08689 0.22874 -0.22915
fb: 0.00000 0.13810 0.22874 -0.22915
target: 0.00000 0.02647
dist/lin/ang/drive_left/drive_right/tv_l/tv_r/av_l/av_r/x/y/theta/t_err: 0.11590 0.00000 0.20232 -0.13810 0.13810 -0.41614 0.51467 -0.41614 0.51467 0 0 83.35922 0.11590
fb: -0.00375 0.17921 0.91201 -0.91637
fb: 0.00000 0.19516 0.91201 -0.91637
target: 0.00000 -0.04332
dist/lin/ang/drive_left/drive_right/tv_l/tv_r/av_l/av_r/x/y/theta/t_err: 0.04151 0.00000 -0.33120 -0.19516 0.19516 0.16683 -0.13397 0.16683 -0.13397 0 0 87.62180 0.04151
fb: 0.00000 0.18555 0.38210 -0.38786
fb: 0.00000 0.15161 0.38210 -0.38786
target: 0.00000 0.07053
dist/lin/ang/drive_left/drive_right/tv_l/tv_r/av_l/av_r/x/y/theta/t_err: 0.05172 0.00000 0.53917 -0.15161 0.15161 0.46406 -0.38364 0.46406 -0.38364 0 0 87.03693 0.05172
fb: 0.00000 0.10500 -0.59862 0.60492
fb: 0.00000 0.04926 -0.59862 0.60492
target: 0.00000 0.22566
dist/lin/ang/drive_left/drive_right/tv_l/tv_r/av_l/av_r/x/y/theta/t_err: 0.12344 0.00000 1.72507 -0.04926 0.04926 0.20447 -0.25133 0.20447 -0.25133 0 0 82.92730 0.12344
fb: 0.00000 0.00453 -0.88829 0.89769
fb: 0.00375 -0.01582 -0.88829 0.89769
target: 0.00000 0.26313
dist/lin/ang/drive_left/drive_right/tv_l/tv_r/av_l/av_r/x/y/theta/t_err: 0.17666 0.00000 2.01151 0.01957 -0.01207 -0.32989 0.22622 -0.32989 0.22622 0 0 79.87823 0.17666
fb: 0.00375 -0.02111 -0.52605 0.53620
fb: -0.00375 0.00808 -0.51145 0.52161
target: 0.00000 0.15375
dist/lin/ang/drive_left/drive_right/tv_l/tv_r/av_l/av_r/x/y/theta/t_err: 0.15739 0.00000 1.17540 -0.01183 0.00433 -0.58364 0.54858 -0.58364 0.54858 0 0 80.98196 0.15739
fb: -0.00375 0.05254 0.42818 -0.43000
fb: 0.00000 0.09560 0.42818 -0.43000
target: 0.00000 -0.00322
dist/lin/ang/drive_left/drive_right/tv_l/tv_r/av_l/av_r/x/y/theta/t_err: 0.07508 0.00000 -0.02460 -0.09560 0.09560 -0.27614 0.29294 -0.27614 0.29294 0 0 85.69840 0.07508
fb: 0.00000 0.13280 0.74755 -0.75251
fb: 0.00375 0.14493 0.74755 -0.75251
target: 0.00000 -0.05774
dist/lin/ang/drive_left/drive_right/tv_l/tv_r/av_l/av_r/x/y/theta/t_err: 0.01418 0.00000 -0.44139 -0.14117 0.14868 0.19539 -0.17981 0.19539 -0.17981 0 0 89.18767 0.01418
fb: 0.00375 0.13670 0.32305 -0.32910
fb: 0.00000 0.11134 0.32305 -0.32910
target: 0.00000 0.03665
dist/lin/ang/drive_left/drive_right/tv_l/tv_r/av_l/av_r/x/y/theta/t_err: 0.02305 0.00000 0.28021 -0.11134 0.11134 0.49944 -0.50478 0.49944 -0.50478 0 0 88.67960 0.02305
fb: 0.00397 0.06612 -0.48835 0.49398
fb: 0.01942 0.01784 -0.48835 0.49398
target: 0.00000 0.18911
dist/lin/ang/drive_left/drive_right/tv_l/tv_r/av_l/av_r/x/y/theta/t_err: 0.09293 0.00000 1.44568 0.00158 0.03726 0.17797 -0.21781 0.17797 -0.21781 0 0 84.67535 0.09293
fb: 0.02516 -0.03052 -0.85177 0.86045
fb: 0.01743 -0.04787 -0.85177 0.86045
target: 0.00000 0.24212
dist/lin/ang/drive_left/drive_right/tv_l/tv_r/av_l/av_r/x/y/theta/t_err: 0.15185 0.00000 1.85091 0.06530 -0.03044 -0.39097 0.26883 -0.39097 0.26883 0 0 81.29960 0.15185
fb: 0.01545 -0.04717 -0.58442 0.59416
fb: 0.01942 -0.01094 -0.43978 0.44951
target: 0.00000 0.10930
dist/lin/ang/drive_left/drive_right/tv_l/tv_r/av_l/av_r/x/y/theta/t_err: 0.12550 0.00000 0.83555 0.03036 0.00848 -0.57850 0.54172 -0.57850 0.54172 0 0 82.80939 0.12550
fb: 0.02714 0.03776 0.56348 -0.56618
fb: 0.02714 0.07915 0.56348 -0.56618
target: 0.00000 -0.04767
dist/lin/ang/drive_left/drive_right/tv_l/tv_r/av_l/av_r/x/y/theta/t_err: 0.04352 0.00000 -0.36445 -0.05201 0.10629 -0.29258 0.20450 -0.29258 0.20450 0 0 87.50627 0.04352
fb: 0.01567 0.12124 0.77734 -0.78319
fb: 0.00772 0.12751 0.77734 -0.78319
target: 0.00000 -0.08600
dist/lin/ang/drive_left/drive_right/tv_l/tv_r/av_l/av_r/x/y/theta/t_err: -0.01428 0.00000 -0.65743 -0.11978 0.13523 0.15400 -0.28781 0.15400 -0.28781 0 0 90.81798 -0.01428
fb: 0.00772 0.11977 0.26911 -0.27572
fb: 0.00397 0.08932 0.26911 -0.27572
target: 0.00000 0.02031
dist/lin/ang/drive_left/drive_right/tv_l/tv_r/av_l/av_r/x/y/theta/t_err: 0.00130 0.00000 0.15526 -0.08535 0.09330 0.56042 -0.48628 0.56042 -0.48628 0 0 89.92553 0.00130
fb: 0.01545 0.03783 -0.53101 0.53631
fb: 0.02714 -0.00982 -0.53101 0.53631
target: 0.00000 0.17728
dist/lin/ang/drive_left/drive_right/tv_l/tv_r/av_l/av_r/x/y/theta/t_err: 0.07986 0.00000 1.35526 0.03697 0.01732 0.23544 -0.13533 0.23544 -0.13533 0 0 85.42439 0.07986
fb: 0.02339 -0.05010 -0.86418 0.87261
fb: 0.01942 -0.06417 -0.86418 0.87261
target: 0.00000 0.21236
dist/lin/ang/drive_left/drive_right/tv_l/tv_r/av_l/av_r/x/y/theta/t_err: 0.13233 0.00000 1.62344 0.08359 -0.04475 -0.24075 0.39369 -0.24075 0.39369 0 0 82.41788 0.13233
fb: 0.02714 -0.05909 -0.47490 0.48404
fb: 0.04832 -0.02167 -0.33917 0.34831
target: 0.00000 0.08093
dist/lin/ang/drive_left/drive_right/tv_l/tv_r/av_l/av_r/x/y/theta/t_err: 0.10323 0.00000 0.61865 0.06999 0.02666 -0.51675 0.49861 -0.51675 0.49861 0 0 84.08510 0.10323
fb: 0.05031 0.03135 0.57627 -0.57954
fb: 0.03685 0.07184 0.57627 -0.57954
target: 0.00000 -0.07605
dist/lin/ang/drive_left/drive_right/tv_l/tv_r/av_l/av_r/x/y/theta/t_err: 0.01930 0.00000 -0.58135 -0.03499 0.10869 -0.20106 0.16819 -0.20106 0.16819 0 0 88.89422 0.01930
fb: 0.02516 0.10786 0.79635 -0.80276
fb: 0.01765 0.11044 0.79635 -0.80276
target: 0.00000 -0.08922
dist/lin/ang/drive_left/drive_right/tv_l/tv_r/av_l/av_r/x/y/theta/t_err: -0.02821 0.00000 -0.68209 -0.09278 0.12809 0.34272 -0.34633 0.34272 -0.34633 0 0 91.61637 -0.02821
fb: 0.01567 0.09936 0.15810 -0.16478
fb: 0.02714 0.05741 0.15810 -0.16478
final error was 3.19735
position: -0.03267 0.16995 86.80265
took 1.00000 time to finish turn
target: 0.00000 0.15697
dist/lin/ang/drive_left/drive_right/tv_l/tv_r/av_l/av_r/x/y/theta/t_err: 1.57080 0.00000 1.20000 0.00000 0.00000 -0.00017 -0.00050 -0.00017 -0.00050 0 0 -0.00002 1.57080
fb: 0.00000 0.00000 -0.85057 0.85860
fb: 0.00000 0.00000 -0.85057 0.85860
target: 0.00000 0.31394
dist/lin/ang/drive_left/drive_right/tv_l/tv_r/av_l/av_r/x/y/theta/t_err: 1.57079 0.00000 2.40000 0.00000 0.00000 -0.05475 0.05392 -0.05475 0.05392 0 0 0.00008 1.57079
fb: 0.00000 0.00000 -1.00000 1.00000
fb: 0.00000 0.00000 -1.00000 1.00000
target: 0.00000 0.47092
dist/lin/ang/drive_left/drive_right/tv_l/tv_r/av_l/av_r/x/y/theta/t_err: 1.57080 0.00000 3.60000 0.00000 0.00000 -0.49619 0.41919 -0.49619 0.41919 0 0 -0.00006 1.57080
fb: 0.00000 0.01846 -1.00000 1.00000
fb: 0.00000 0.05957 -1.00000 1.00000
target: 0.00000 0.62789
dist/lin/ang/drive_left/drive_right/tv_l/tv_r/av_l/av_r/x/y/theta/t_err: 1.51577 0.00000 4.80000 -0.05957 0.05957 -0.60742 0.60058 -0.60742 0.60058 0 0 3.15298 1.51577
fb: 0.00000 0.10110 -1.00000 1.00000
fb: 0.00000 0.14144 -1.00000 1.00000
target: 0.00000 0.78486
dist/lin/ang/drive_left/drive_right/tv_l/tv_r/av_l/av_r/x/y/theta/t_err: 1.43072 0.00000 6.00000 -0.14144 0.14144 -0.73133 0.75014 -0.73133 0.75014 0 0 8.02602 1.43072
fb: 0.00000 0.17907 -1.00000 1.00000
fb: 0.00000 0.21969 -1.00000 1.00000
target: 0.00000 0.78486
dist/lin/ang/drive_left/drive_right/tv_l/tv_r/av_l/av_r/x/y/theta/t_err: 1.33668 0.00000 6.00000 -0.21969 0.21969 -0.79583 0.80247 -0.79583 0.80247 0 0 13.41374 1.33668
fb: 0.00000 0.26121 -0.82670 0.84729
fb: 0.00000 0.30469 -0.80496 0.82555
target: 0.00000 0.78486
dist/lin/ang/drive_left/drive_right/tv_l/tv_r/av_l/av_r/x/y/theta/t_err: 1.22439 0.00000 6.00000 -0.30469 0.30469 -0.72450 0.72106 -0.72450 0.72106 0 0 19.84785 1.22439
fb: 0.00000 0.34517 -0.78472 0.80531
fb: 0.00000 0.38322 -0.76570 0.78629
target: 0.00000 0.78486
dist/lin/ang/drive_left/drive_right/tv_l/tv_r/av_l/av_r/x/y/theta/t_err: 1.10507 0.00000 6.00000 -0.38322 0.38322 -0.51606 0.62608 -0.51606 0.62608 0 0 26.68435 1.10507
fb: 0.00000 0.41513 -0.74975 0.77034
fb: 0.00000 0.44655 -0.73403 0.75462
target: 0.00000 0.78486
dist/lin/ang/drive_left/drive_right/tv_l/tv_r/av_l/av_r/x/y/theta/t_err: 0.98801 0.00000 6.00000 -0.44655 0.44655 -0.56311 0.60317 -0.56311 0.60317 0 0 33.39093 0.98801
fb: 0.00000 0.47449 -0.72006 0.74065
fb: 0.00000 0.50236 -0.70613 0.72672
target: 0.00000 0.78486
dist/lin/ang/drive_left/drive_right/tv_l/tv_r/av_l/av_r/x/y/theta/t_err: 0.86824 0.00000 6.00000 -0.50236 0.50236 -0.61481 0.59358 -0.61481 0.59358 0 0 40.25349 0.86824
fb: 0.00000 0.52814 -0.69324 0.71383
fb: 0.00000 0.55518 -0.67972 0.70031
target: 0.00000 0.68357
dist/lin/ang/drive_left/drive_right/tv_l/tv_r/av_l/av_r/x/y/theta/t_err: 0.74268 0.00000 5.22566 -0.55518 0.55518 -0.62800 0.58364 -0.62800 0.58364 0 0 47.44743 0.74268
fb: 0.00000 0.58144 -0.09226 0.11083
fb: -0.01743 0.60862 -0.07868 0.09724
target: 0.00000 0.52219
dist/lin/ang/drive_left/drive_right/tv_l/tv_r/av_l/av_r/x/y/theta/t_err: 0.60850 0.00000 3.99199 -0.62605 0.59119 -0.58314 0.52322 -0.58314 0.52322 0 0 55.13528 0.60850
fb: -0.02714 0.63530 0.47191 -0.46636
fb: -0.02515 0.65426 0.48138 -0.47583
target: 0.00000 0.36863
dist/lin/ang/drive_left/drive_right/tv_l/tv_r/av_l/av_r/x/y/theta/t_err: 0.47321 0.00000 2.81808 -0.67941 0.62910 -0.12836 0.10525 -0.12836 0.10525 0 0 62.88725 0.47321
fb: -0.02714 0.65342 0.62545 -0.62297
fb: -0.01942 0.64471 0.62109 -0.61861
target: 0.00000 0.32027
dist/lin/ang/drive_left/drive_right/tv_l/tv_r/av_l/av_r/x/y/theta/t_err: 0.38238 0.00000 2.44834 -0.66413 0.62529 0.35742 -0.33350 0.35742 -0.33350 0 0 68.09118 0.38238
fb: -0.01147 0.61259 0.18825 -0.18674
fb: -0.00375 0.56953 0.16672 -0.16521
target: 0.00000 0.36358
dist/lin/ang/drive_left/drive_right/tv_l/tv_r/av_l/av_r/x/y/theta/t_err: 0.35387 0.00000 2.77948 -0.57328 0.56578 0.48678 -0.37078 0.48678 -0.37078 0 0 69.72500 0.35387
fb: -0.00397 0.52745 -0.39561 0.40778
fb: -0.01942 0.47024 -0.42422 0.43638
target: 0.00000 0.40917
dist/lin/ang/drive_left/drive_right/tv_l/tv_r/av_l/av_r/x/y/theta/t_err: 0.35861 0.00000 3.12795 -0.48966 0.45082 0.13347 -0.12731 0.13347 -0.12731 0 0 69.45310 0.35861
fb: -0.03111 0.40677 -0.51949 0.53257
fb: -0.04656 0.35193 -0.54691 0.55999
target: 0.00000 0.49261
dist/lin/ang/drive_left/drive_right/tv_l/tv_r/av_l/av_r/x/y/theta/t_err: 0.39681 0.00000 3.76583 -0.39849 0.30537 -0.34358 0.35111 -0.34358 0.35111 0 0 67.26471 0.39681
fb: -0.06002 0.32894 -0.82639 0.84114
fb: -0.04457 0.32176 -0.82998 0.84472
target: 0.00000 0.38618
dist/lin/ang/drive_left/drive_right/tv_l/tv_r/av_l/av_r/x/y/theta/t_err: 0.37102 0.00000 2.95225 -0.36633 0.27719 -0.53692 0.50461 -0.53692 0.50461 0 0 68.74212 0.37102
fb: -0.01545 0.33626 0.23422 -0.23139
fb: 0.00000 0.37416 0.25318 -0.25035
target: 0.00000 0.18960
dist/lin/ang/drive_left/drive_right/tv_l/tv_r/av_l/av_r/x/y/theta/t_err: 0.27346 0.00000 1.44939 -0.37416 0.37416 -0.44147 0.55475 -0.44147 0.55475 0 0 74.33168 0.27346
fb: -0.00397 0.40990 0.79665 -0.79775
fb: -0.01169 0.43074 0.79665 -0.79775
target: 0.00000 0.05134
dist/lin/ang/drive_left/drive_right/tv_l/tv_r/av_l/av_r/x/y/theta/t_err: 0.16370 0.00000 0.39250 -0.44243 0.41904 0.14650 -0.10508 0.14650 -0.10508 0 0 80.62069 0.16370
fb: -0.02140 0.42516 0.81366 -0.81753
fb: -0.02339 0.38761 0.79489 -0.79875
target: 0.00000 0.12296
dist/lin/ang/drive_left/drive_right/tv_l/tv_r/av_l/av_r/x/y/theta/t_err: 0.13749 0.00000 0.93997 -0.41100 0.36422 0.46489 -0.43086 0.46489 -0.43086 0 0 82.12240 0.13749
fb: -0.00971 0.34225 -0.44367 0.45102
fb: 0.00000 0.29048 -0.44367 0.45102
target: 0.00000 0.22643
dist/lin/ang/drive_left/drive_right/tv_l/tv_r/av_l/av_r/x/y/theta/t_err: 0.16822 0.00000 1.73099 -0.29048 0.29048 0.27103 -0.11808 0.27103 -0.11808 0 0 80.36157 0.16822
fb: 0.00000 0.23683 -0.65636 0.66578
fb: 0.00000 0.19488 -0.65636 0.66578
target: 0.00000 0.29333
dist/lin/ang/drive_left/drive_right/tv_l/tv_r/av_l/av_r/x/y/theta/t_err: 0.21280 0.00000 2.24237 -0.19488 0.19488 -0.21472 0.17933 -0.21472 0.17933 0 0 77.80761 0.21280
fb: 0.00000 0.17405 -0.59621 0.60697
fb: 0.00000 0.16430 -0.60109 0.61185
target: 0.00000 0.23635
dist/lin/ang/drive_left/drive_right/tv_l/tv_r/av_l/av_r/x/y/theta/t_err: 0.21150 0.00000 1.80685 -0.16430 0.16430 -0.51022 0.49364 -0.51022 0.49364 0 0 77.88211 0.21150
fb: 0.00000 0.18576 0.13704 -0.13720
fb: 0.00000 0.22456 0.13704 -0.13720
target: 0.00000 0.04842
dist/lin/ang/drive_left/drive_right/tv_l/tv_r/av_l/av_r/x/y/theta/t_err: 0.13033 0.00000 0.37013 -0.22456 0.22456 -0.32886 0.43153 -0.32886 0.43153 0 0 82.53236 0.13033
fb: 0.00000 0.26101 0.85230 -0.85623
fb: -0.00375 0.27815 0.85230 -0.85623
target: 0.00000 -0.05000
dist/lin/ang/drive_left/drive_right/tv_l/tv_r/av_l/av_r/x/y/theta/t_err: 0.04613 0.00000 -0.38226 -0.28190 0.27439 0.12506 -0.09550 0.12506 -0.09550 0 0 87.35721 0.04613
fb: 0.00000 0.27383 0.67733 -0.68322
fb: 0.00375 0.24756 0.66420 -0.67009
target: 0.00000 0.01805
dist/lin/ang/drive_left/drive_right/tv_l/tv_r/av_l/av_r/x/y/theta/t_err: 0.03163 0.00000 0.13796 -0.24381 0.25131 0.46764 -0.44814 0.46764 -0.44814 0 0 88.18765 0.03163
fb: 0.00000 0.19892 -0.35734 0.36259
fb: -0.00177 0.14200 -0.35734 0.36259
target: 0.00000 0.17502
dist/lin/ang/drive_left/drive_right/tv_l/tv_r/av_l/av_r/x/y/theta/t_err: 0.09185 0.00000 1.33796 -0.14376 0.14023 0.30594 -0.25169 0.30594 -0.25169 0 0 84.73713 0.09185
fb: -0.00177 0.09107 -0.86266 0.87105
fb: 0.00000 0.04773 -0.86266 0.87105
target: 0.00000 0.25697
dist/lin/ang/drive_left/drive_right/tv_l/tv_r/av_l/av_r/x/y/theta/t_err: 0.15765 0.00000 1.96442 -0.04773 0.04773 -0.15914 0.19094 -0.15914 0.19094 0 0 80.96725 0.15765
fb: 0.00000 0.02947 -0.69370 0.70373
fb: 0.00000 0.02655 -0.69516 0.70519
target: 0.00000 0.20622
dist/lin/ang/drive_left/drive_right/tv_l/tv_r/av_l/av_r/x/y/theta/t_err: 0.17001 0.00000 1.57645 -0.02655 0.02655 -0.54036 0.55047 -0.54036 0.55047 0 0 80.25900 0.17001
fb: 0.00000 0.05128 0.12923 -0.13000
fb: 0.00000 0.09309 0.12923 -0.13000
target: 0.00000 0.03795
dist/lin/ang/drive_left/drive_right/tv_l/tv_r/av_l/av_r/x/y/theta/t_err: 0.10436 0.00000 0.29012 -0.09309 0.09309 -0.29086 0.26181 -0.29086 0.26181 0 0 84.02090 0.10436
fb: 0.00000 0.13294 0.77079 -0.77492
fb: 0.00949 0.15064 0.77079 -0.77492
target: 0.00000 -0.04161
dist/lin/ang/drive_left/drive_right/tv_l/tv_r/av_l/av_r/x/y/theta/t_err: 0.03626 0.00000 -0.31811 -0.14115 0.16013 0.17283 -0.11192 0.17283 -0.11192 0 0 87.92266 0.03626
fb: 0.02118 0.14792 0.42493 -0.43066
fb: 0.01567 0.12618 0.42493 -0.43066
target: 0.00000 0.03912
dist/lin/ang/drive_left/drive_right/tv_l/tv_r/av_l/av_r/x/y/theta/t_err: 0.03554 0.00000 0.29909 -0.11052 0.14185 0.49175 -0.50253 0.49175 -0.50253 0 0 87.96349 0.03554
fb: 0.01368 0.08382 -0.42854 0.43422
fb: 0.01743 0.03163 -0.42854 0.43422
target: 0.00000 0.19610
dist/lin/ang/drive_left/drive_right/tv_l/tv_r/av_l/av_r/x/y/theta/t_err: 0.10403 0.00000 1.49909 -0.01420 0.04906 0.33983 -0.33692 0.33983 -0.33692 0 0 84.03925 0.10403
fb: 0.01545 -0.01909 -0.87678 0.88560
fb: 0.01545 -0.05456 -0.87678 0.88560
target: 0.00000 0.29286
dist/lin/ang/drive_left/drive_right/tv_l/tv_r/av_l/av_r/x/y/theta/t_err: 0.17934 0.00000 2.23881 0.07000 -0.03911 -0.16322 0.15881 -0.16322 0.15881 0 0 79.72484 0.17934
fb: 0.01545 -0.05860 -0.84640 0.85716
fb: 0.02913 -0.04982 -0.84202 0.85277
target: 0.00000 0.21085
dist/lin/ang/drive_left/drive_right/tv_l/tv_r/av_l/av_r/x/y/theta/t_err: 0.18324 0.00000 1.61189 0.07895 -0.02069 -0.49586 0.65789 -0.49586 0.65789 0 0 79.50141 0.18324
fb: 0.04656 -0.00321 0.26679 -0.26746
fb: 0.04259 0.04982 0.26679 -0.26746
target: 0.00000 0.00723
dist/lin/ang/drive_left/drive_right/tv_l/tv_r/av_l/av_r/x/y/theta/t_err: 0.09805 0.00000 0.05526 -0.00723 0.09241 -0.21456 0.36139 -0.21456 0.36139 0 0 84.38216 0.09805
fb: 0.03310 0.08988 0.95048 -0.95523
fb: 0.02714 0.10953 0.95048 -0.95523
target: 0.00000 -0.03707
dist/lin/ang/drive_left/drive_right/tv_l/tv_r/av_l/av_r/x/y/theta/t_err: 0.03493 0.00000 -0.28341 -0.08239 0.13667 0.22842 -0.13669 0.22842 -0.13669 0 0 87.99849 0.03493
fb: 0.01942 0.10451 0.26322 -0.26885
fb: 0.00794 0.08431 0.26322 -0.26885
target: 0.00000 0.05447
dist/lin/ang/drive_left/drive_right/tv_l/tv_r/av_l/av_r/x/y/theta/t_err: 0.04143 0.00000 0.41638 -0.07636 0.09225 0.46814 -0.49503 0.46814 -0.49503 0 0 87.62628 0.04143
fb: 0.00375 0.03742 -0.48744 0.49342
fb: 0.00772 -0.00704 -0.48744 0.49342
target: 0.00000 0.21144
dist/lin/ang/drive_left/drive_right/tv_l/tv_r/av_l/av_r/x/y/theta/t_err: 0.11363 0.00000 1.61638 0.01476 0.00069 0.13158 -0.25972 0.13158 -0.25972 0 0 83.48971 0.11363
fb: 0.00397 -0.04773 -1.00000 1.00000
fb: 0.00375 -0.07023 -1.00000 1.00000
target: 0.00000 0.26785
dist/lin/ang/drive_left/drive_right/tv_l/tv_r/av_l/av_r/x/y/theta/t_err: 0.17360 0.00000 2.04765 0.07398 -0.06648 -0.38139 0.29331 -0.38139 0.29331 0 0 80.05367 0.17360
fb: 0.00000 -0.07114 -0.64185 0.65210
fb: 0.01169 -0.04815 -0.63035 0.64060
target: 0.00000 0.17325
dist/lin/ang/drive_left/drive_right/tv_l/tv_r/av_l/av_r/x/y/theta/t_err: 0.16416 0.00000 1.32445 0.05984 -0.03645 -0.59819 0.58739 -0.59819 0.58739 0 0 80.59446 0.16416
fb: 0.03288 0.00321 0.34866 -0.35008
fb: 0.02516 0.05693 0.34866 -0.35008
target: 0.00000 0.01628
dist/lin/ang/drive_left/drive_right/tv_l/tv_r/av_l/av_r/x/y/theta/t_err: 0.07389 0.00000 0.12445 -0.03177 0.08208 -0.42006 0.38742 -0.42006 0.38742 0 0 85.76625 0.07389
fb: 0.01169 0.10514 0.73449 -0.73906
fb: 0.00397 0.13064 0.73449 -0.73906
target: 0.00000 -0.09795
dist/lin/ang/drive_left/drive_right/tv_l/tv_r/av_l/av_r/x/y/theta/t_err: -0.00366 0.00000 -0.74877 -0.12667 0.13461 0.16067 -0.15039 0.16067 -0.15039 0 0 90.20949 -0.00366
fb: 0.00000 0.12813 0.61867 -0.62552
fb: 0.00000 0.11434 0.61867 -0.62552
target: 0.00000 -0.01540
dist/lin/ang/drive_left/drive_right/tv_l/tv_r/av_l/av_r/x/y/theta/t_err: -0.00849 0.00000 -0.11775 -0.11434 0.11434 0.50100 -0.49142 0.50100 -0.49142 0 0 90.48653 -0.00849
fb: 0.00000 0.07030 -0.40015 0.40474
fb: 0.00000 0.02097 -0.40015 0.40474
target: 0.00000 0.14157
dist/lin/ang/drive_left/drive_right/tv_l/tv_r/av_l/av_r/x/y/theta/t_err: 0.06103 0.00000 1.08225 -0.02097 0.02097 0.27786 -0.37644 0.27786 -0.37644 0 0 86.50320 0.06103
fb: 0.00000 -0.02439 -0.84025 0.84797
fb: 0.00000 -0.06299 -0.84025 0.84797
target: 0.00000 0.24271
dist/lin/ang/drive_left/drive_right/tv_l/tv_r/av_l/av_r/x/y/theta/t_err: 0.13557 0.00000 1.85546 0.06299 -0.06299 -0.19936 0.13686 -0.19936 0.13686 0 0 82.23220 0.13557
fb: 0.00397 -0.06766 -0.81197 0.82172
fb: 0.02516 -0.04599 -0.80114 0.81088
target: 0.00000 0.13851
dist/lin/ang/drive_left/drive_right/tv_l/tv_r/av_l/av_r/x/y/theta/t_err: 0.12958 0.00000 1.05886 0.07114 -0.02083 -0.48286 0.57956 -0.48286 0.57956 0 0 82.57590 0.12958
fb: 0.05428 0.00307 0.41514 -0.41726
fb: 0.06399 0.04912 0.41514 -0.41726
target: 0.00000 -0.01846
dist/lin/ang/drive_left/drive_right/tv_l/tv_r/av_l/av_r/x/y/theta/t_err: 0.04808 0.00000 -0.14114 0.01487 0.11311 -0.32289 0.31722 -0.32289 0.31722 0 0 87.24539 0.04808
fb: 0.04656 0.09350 0.75777 -0.76303
fb: 0.02339 0.11915 0.75777 -0.76303
target: 0.00000 -0.11606
dist/lin/ang/drive_left/drive_right/tv_l/tv_r/av_l/av_r/x/y/theta/t_err: -0.02479 0.00000 -0.88723 -0.09576 0.14254 0.19625 -0.17658 0.19625 -0.17658 0 0 91.42041 -0.02479
fb: 0.01147 0.11531 0.55596 -0.56318
fb: 0.01147 0.08431 0.55596 -0.56318
target: 0.00000 0.00457
dist/lin/ang/drive_left/drive_right/tv_l/tv_r/av_l/av_r/x/y/theta/t_err: -0.01089 0.00000 0.03492 -0.07283 0.09578 0.46525 -0.49294 0.46525 -0.49294 0 0 90.62399 -0.01089
fb: 0.02339 0.03658 -0.58490 0.58989
fb: 0.02339 -0.00690 -0.58490 0.58989
target: 0.00000 0.15551
dist/lin/ang/drive_left/drive_right/tv_l/tv_r/av_l/av_r/x/y/theta/t_err: 0.06096 0.00000 1.18881 0.03029 0.01649 0.41067 -0.34033 0.41067 -0.34033 0 0 86.50746 0.06096
fb: 0.01147 -0.05442 -0.82245 0.83045
fb: 0.01169 -0.09176 -0.82245 0.83045
target: 0.00000 0.25555
dist/lin/ang/drive_left/drive_right/tv_l/tv_r/av_l/av_r/x/y/theta/t_err: 0.14103 0.00000 1.95356 0.10346 -0.08007 -0.10969 0.14131 -0.10969 0.14131 0 0 81.91951 0.14103
fb: 0.01942 -0.09476 -0.83556 0.84556
fb: 0.03685 -0.08480 -0.83057 0.84058
target: 0.00000 0.17604
dist/lin/ang/drive_left/drive_right/tv_l/tv_r/av_l/av_r/x/y/theta/t_err: 0.14848 0.00000 1.34579 0.12165 -0.04795 -0.57253 0.46558 -0.57253 0.46558 0 0 81.49286 0.14848
fb: 0.04854 -0.04306 0.27884 -0.28021
fb: 0.04457 0.00739 0.27884 -0.28021
target: 0.00000 0.01907
dist/lin/ang/drive_left/drive_right/tv_l/tv_r/av_l/av_r/x/y/theta/t_err: 0.07573 0.00000 0.14579 0.03719 0.05196 -0.27000 0.10864 -0.27000 0.10864 0 0 85.66107 0.07573
fb: 0.03310 0.05435 0.73262 -0.73713
fb: 0.01545 0.07713 0.73262 -0.73713
target: 0.00000 -0.06922
dist/lin/ang/drive_left/drive_right/tv_l/tv_r/av_l/av_r/x/y/theta/t_err: 0.00960 0.00000 -0.52919 -0.06168 0.09258 0.14836 -0.26319 0.14836 -0.26319 0 0 89.45015 0.00960
fb: 0.00375 0.07267 0.48272 -0.48900
fb: 0.00000 0.04794 0.48272 -0.48900
target: 0.00000 0.04579
dist/lin/ang/drive_left/drive_right/tv_l/tv_r/av_l/av_r/x/y/theta/t_err: 0.02458 0.00000 0.35003 -0.04794 0.04794 0.51692 -0.45447 0.51692 -0.45447 0 0 88.59152 0.02458
fb: 0.00000 0.00139 -0.58725 0.59306
fb: 0.00000 -0.04243 -0.58725 0.59306
target: 0.00000 0.20276
dist/lin/ang/drive_left/drive_right/tv_l/tv_r/av_l/av_r/x/y/theta/t_err: 0.10151 0.00000 1.55003 0.04243 -0.04243 0.29961 -0.20325 0.29961 -0.20325 0 0 84.18395 0.10151
fb: 0.00397 -0.08821 -1.00000 1.00000
fb: 0.00397 -0.11462 -1.00000 1.00000
target: 0.00000 0.28659
dist/lin/ang/drive_left/drive_right/tv_l/tv_r/av_l/av_r/x/y/theta/t_err: 0.17534 0.00000 2.19091 0.11859 -0.11064 -0.20517 0.27239 -0.20517 0.27239 0 0 79.95360 0.17534
fb: 0.00375 -0.11545 -0.80931 0.81994
fb: 0.00772 -0.08793 -0.79555 0.80618
target: 0.00000 0.18133
dist/lin/ang/drive_left/drive_right/tv_l/tv_r/av_l/av_r/x/y/theta/t_err: 0.16852 0.00000 1.38624 0.09565 -0.08021 -0.60419 0.47703 -0.60419 0.47703 0 0 80.34427 0.16852
fb: 0.01169 -0.03484 0.39119 -0.39246
fb: 0.01169 0.01623 0.39119 -0.39246
target: 0.00000 0.02436
dist/lin/ang/drive_left/drive_right/tv_l/tv_r/av_l/av_r/x/y/theta/t_err: 0.08521 0.00000 0.18624 -0.00454 0.02793 -0.38053 0.18308 -0.38053 0.18308 0 0 85.11788 0.08521
fb: 0.00397 0.06675 0.72907 -0.73348
fb: 0.00000 0.09302 0.72907 -0.73348
target: 0.00000 -0.07755
dist/lin/ang/drive_left/drive_right/tv_l/tv_r/av_l/av_r/x/y/theta/t_err: 0.01094 0.00000 -0.59285 -0.09302 0.09302 0.14306 -0.21711 0.14306 -0.21711 0 0 89.37302 0.01094
fb: -0.00199 0.09587 0.54959 -0.55604
fb: -0.00199 0.07483 0.54959 -0.55604
target: 0.00000 0.01753
dist/lin/ang/drive_left/drive_right/tv_l/tv_r/av_l/av_r/x/y/theta/t_err: 0.01318 0.00000 0.13402 -0.07682 0.07285 0.52139 -0.47261 0.52139 -0.47261 0 0 89.24491 0.01318
fb: 0.00000 0.02696 -0.47864 0.48388
fb: 0.00000 -0.01944 -0.47864 0.48388
target: 0.00000 0.17450
dist/lin/ang/drive_left/drive_right/tv_l/tv_r/av_l/av_r/x/y/theta/t_err: 0.08951 0.00000 1.33402 0.01944 -0.01944 0.41800 -0.25256 0.41800 -0.25256 0 0 84.87149 0.08951
fb: 0.00000 -0.06431 -0.86231 0.87070
fb: 0.00000 -0.10096 -1.00000 1.00000
target: 0.00000 0.28439
dist/lin/ang/drive_left/drive_right/tv_l/tv_r/av_l/av_r/x/y/theta/t_err: 0.16818 0.00000 2.17410 0.10096 -0.10096 -0.14681 0.20961 -0.14681 0.20961 0 0 80.36385 0.16818
fb: 0.00000 -0.10633 -0.91943 0.93002
fb: 0.00000 -0.09364 -0.91309 0.92368
target: 0.00000 0.20957
dist/lin/ang/drive_left/drive_right/tv_l/tv_r/av_l/av_r/x/y/theta/t_err: 0.17691 0.00000 1.60209 0.09364 -0.09364 -0.48714 0.49947 -0.48714 0.49947 0 0 79.86402 0.17691
fb: 0.00000 -0.04766 0.10671 -0.10741
fb: 0.00000 0.00321 0.23532 -0.23603
target: 0.00000 0.02209
dist/lin/ang/drive_left/drive_right/tv_l/tv_r/av_l/av_r/x/y/theta/t_err: 0.10113 0.00000 0.16888 -0.00321 0.00321 -0.56244 0.29517 -0.56244 0.29517 0 0 84.20539 0.10113
fb: 0.00000 0.05581 0.86787 -0.87233
fb: 0.00000 0.09246 0.86787 -0.87233
target: 0.00000 -0.08131
dist/lin/ang/drive_left/drive_right/tv_l/tv_r/av_l/av_r/x/y/theta/t_err: 0.01758 0.00000 -0.62163 -0.09246 0.09246 0.14511 -0.22758 0.14511 -0.22758 0 0 88.99252 0.01758
fb: 0.00000 0.09483 0.55883 -0.56535
fb: 0.00000 0.07330 0.55883 -0.56535
target: 0.00000 0.02778
dist/lin/ang/drive_left/drive_right/tv_l/tv_r/av_l/av_r/x/y/theta/t_err: 0.02101 0.00000 0.21235 -0.07330 0.07330 0.49586 -0.47192 0.49586 -0.47192 0 0 88.79630 0.02101
fb: 0.00000 0.02529 -0.54855 0.55400
fb: 0.00000 -0.01756 -0.54855 0.55400
target: 0.00000 0.18475
dist/lin/ang/drive_left/drive_right/tv_l/tv_r/av_l/av_r/x/y/theta/t_err: 0.09446 0.00000 1.41235 0.01756 -0.01756 0.25461 -0.18033 0.25461 -0.18033 0 0 84.58765 0.09446
fb: 0.00000 -0.06654 -0.86918 0.87777
fb: 0.00000 -0.08939 -1.00000 1.00000
target: 0.00000 0.26978
dist/lin/ang/drive_left/drive_right/tv_l/tv_r/av_l/av_r/x/y/theta/t_err: 0.16449 0.00000 2.06241 0.08939 -0.08939 -0.19369 0.15194 -0.19369 0.15194 0 0 80.57527 0.16449
fb: 0.00000 -0.08730 -0.78097 0.79126
fb: 0.00000 -0.07490 -0.77477 0.78506
target: 0.00000 0.18572
dist/lin/ang/drive_left/drive_right/tv_l/tv_r/av_l/av_r/x/y/theta/t_err: 0.16478 0.00000 1.41979 0.07490 -0.07490 -0.52719 0.41203 -0.52719 0.41203 0 0 80.55874 0.16478
fb: 0.00000 -0.02968 0.29287 -0.29404
fb: 0.00000 0.02055 0.29287 -0.29404
target: 0.00000 0.00456
dist/lin/ang/drive_left/drive_right/tv_l/tv_r/av_l/av_r/x/y/theta/t_err: 0.08734 0.00000 0.03484 -0.02055 0.02055 -0.45669 0.44622 -0.45669 0.44622 0 0 84.99564 0.08734
fb: 0.00000 0.07323 0.85121 -0.85601
fb: 0.00000 0.10507 0.85121 -0.85601
target: 0.00000 -0.09307
dist/lin/ang/drive_left/drive_right/tv_l/tv_r/av_l/av_r/x/y/theta/t_err: 0.00540 0.00000 -0.71151 -0.10507 0.10507 0.08642 -0.12850 0.08642 -0.12850 0 0 89.69053 0.00540
fb: 0.00000 0.10960 0.54071 -0.54747
fb: 0.00000 0.09288 0.54071 -0.54747
target: 0.00000 -0.00572
dist/lin/ang/drive_left/drive_right/tv_l/tv_r/av_l/av_r/x/y/theta/t_err: 0.00035 0.00000 -0.04371 -0.09288 0.09288 0.48611 -0.54053 0.48611 -0.54053 0 0 89.97994 0.00035
fb: 0.00000 0.04578 -0.42828 0.43306
fb: 0.00000 0.00070 -0.42828 0.43306
target: 0.00000 0.15125
dist/lin/ang/drive_left/drive_right/tv_l/tv_r/av_l/av_r/x/y/theta/t_err: 0.07208 0.00000 1.15629 -0.00070 0.00070 0.27875 -0.41306 0.27875 -0.41306 0 0 85.87030 0.07208
fb: 0.00000 -0.04654 -0.84674 0.85466
fb: 0.00000 -0.07420 -0.84674 0.85466
target: 0.00000 0.24410
dist/lin/ang/drive_left/drive_right/tv_l/tv_r/av_l/av_r/x/y/theta/t_err: 0.14189 0.00000 1.86607 0.07420 -0.07420 -0.23442 0.05886 -0.23442 0.05886 0 0 81.87015 0.14189
fb: 0.00000 -0.07657 -0.78072 0.79050
fb: 0.00000 -0.06654 -0.77570 0.78548
target: 0.00000 0.16970
dist/lin/ang/drive_left/drive_right/tv_l/tv_r/av_l/av_r/x/y/theta/t_err: 0.14621 0.00000 1.29729 0.06654 -0.06654 -0.65636 0.57561 -0.65636 0.57561 0 0 81.62296 0.14621
fb: 0.00000 -0.02097 0.26014 -0.26164
fb: 0.00000 0.02599 0.26014 -0.26164
target: 0.00000 0.01273
dist/lin/ang/drive_left/drive_right/tv_l/tv_r/av_l/av_r/x/y/theta/t_err: 0.07003 0.00000 0.09729 -0.02599 0.02599 -0.45172 0.50136 -0.45172 0.50136 0 0 85.98745 0.07003
fb: 0.00000 0.07476 0.73687 -0.74151
fb: 0.00000 0.10354 0.73687 -0.74151
target: 0.00000 -0.09932
dist/lin/ang/drive_left/drive_right/tv_l/tv_r/av_l/av_r/x/y/theta/t_err: -0.00625 0.00000 -0.75929 -0.10354 0.10354 0.09856 -0.12322 0.09856 -0.12322 0 0 90.35788 -0.00625
fb: 0.00000 0.10493 0.60979 -0.61667
fb: 0.00000 0.08912 0.60979 -0.61667
target: 0.00000 -0.01316
dist/lin/ang/drive_left/drive_right/tv_l/tv_r/av_l/av_r/x/y/theta/t_err: -0.00887 0.00000 -0.10064 -0.08912 0.08912 0.49278 -0.44592 0.49278 -0.44592 0 0 90.50848 -0.00887
fb: 0.00000 0.04668 -0.41792 0.42255
fb: 0.00000 0.00265 -0.41792 0.42255
target: 0.00000 0.14381
dist/lin/ang/drive_left/drive_right/tv_l/tv_r/av_l/av_r/x/y/theta/t_err: 0.05802 0.00000 1.09936 -0.00265 0.00265 0.34272 -0.38958 0.34272 -0.38958 0 0 86.67554 0.05802
fb: 0.00000 -0.04870 -0.84175 0.84952
fb: 0.00000 -0.08487 -0.84175 0.84952
target: 0.00000 0.25501
dist/lin/ang/drive_left/drive_right/tv_l/tv_r/av_l/av_r/x/y/theta/t_err: 0.13928 0.00000 1.94947 0.08487 -0.08487 -0.14783 0.13844 -0.14783 0.13844 0 0 82.01974 0.13928
fb: 0.00000 -0.09169 -0.88364 0.89364
fb: 0.00000 -0.07462 -0.87511 0.88510
target: 0.00000 0.16528
dist/lin/ang/drive_left/drive_right/tv_l/tv_r/av_l/av_r/x/y/theta/t_err: 0.14296 0.00000 1.26350 0.07462 -0.07462 -0.50544 0.55594 -0.50544 0.55594 0 0 81.80894 0.14296
fb: 0.00000 -0.02251 0.33208 -0.33367
fb: 0.00971 0.02460 0.33208 -0.33367
target: 0.00000 0.00831
dist/lin/ang/drive_left/drive_right/tv_l/tv_r/av_l/av_r/x/y/theta/t_err: 0.06178 0.00000 0.06350 -0.01489 0.03430 -0.43361 0.47722 -0.43361 0.47722 0 0 86.45999 0.06178
fb: 0.02118 0.07448 0.73983 -0.74456
fb: 0.01545 0.10235 0.73983 -0.74456
target: 0.00000 -0.10885
dist/lin/ang/drive_left/drive_right/tv_l/tv_r/av_l/av_r/x/y/theta/t_err: -0.01460 0.00000 -0.83212 -0.08691 0.11780 0.10900 -0.14406 0.10900 -0.14406 0 0 90.83651 -0.01460
fb: 0.00397 0.10131 0.63915 -0.64622
fb: 0.00397 0.07887 0.63915 -0.64622
target: 0.00000 -0.00276
dist/lin/ang/drive_left/drive_right/tv_l/tv_r/av_l/av_r/x/y/theta/t_err: -0.00875 0.00000 -0.02110 -0.07490 0.08284 0.43531 -0.44486 0.43531 -0.44486 0 0 90.50123 -0.00875
fb: 0.00772 0.03031 -0.51457 0.51941
fb: 0.01147 -0.01477 -0.51457 0.51941
target: 0.00000 0.15421
dist/lin/ang/drive_left/drive_right/tv_l/tv_r/av_l/av_r/x/y/theta/t_err: 0.06645 0.00000 1.17890 0.02625 -0.00330 0.29908 -0.17675 0.29908 -0.17675 0 0 86.19245 0.06645
fb: 0.01545 -0.06236 -0.84872 0.85670
fb: 0.01567 -0.08696 -0.84872 0.85670
target: 0.00000 0.23773
dist/lin/ang/drive_left/drive_right/tv_l/tv_r/av_l/av_r/x/y/theta/t_err: 0.13625 0.00000 1.81738 0.10262 -0.07129 -0.23633 0.29003 -0.23633 0.29003 0 0 82.19338 0.13625
fb: 0.01567 -0.08793 -0.73698 0.74662
fb: 0.02714 -0.06020 -0.72311 0.73276
target: 0.00000 0.12728
dist/lin/ang/drive_left/drive_right/tv_l/tv_r/av_l/av_r/x/y/theta/t_err: 0.12512 0.00000 0.97303 0.08734 -0.03306 -0.48369 0.55372 -0.48369 0.55372 0 0 82.83126 0.12512
fb: 0.04855 -0.00550 0.45076 -0.45311
fb: 0.04832 0.04285 0.45076 -0.45311
target: 0.00000 -0.02969
dist/lin/ang/drive_left/drive_right/tv_l/tv_r/av_l/av_r/x/y/theta/t_err: 0.03834 0.00000 -0.22697 0.00547 0.09117 -0.33194 0.25206 -0.33194 0.25206 0 0 87.80340 0.03834
fb: 0.02714 0.09309 0.76529 -0.77078
fb: 0.01169 0.11113 0.76529 -0.77078
target: 0.00000 -0.12169
dist/lin/ang/drive_left/drive_right/tv_l/tv_r/av_l/av_r/x/y/theta/t_err: -0.03225 0.00000 -0.93026 -0.09944 0.12283 0.17486 -0.19814 0.17486 -0.19814 0 0 91.84769 -0.03225
fb: 0.01147 0.10779 0.53454 -0.54187
fb: 0.00772 0.08696 0.53454 -0.54187
target: 0.00000 -0.02416
dist/lin/ang/drive_left/drive_right/tv_l/tv_r/av_l/av_r/x/y/theta/t_err: -0.02706 0.00000 -0.18467 -0.07923 0.09468 0.49350 -0.55783 0.49350 -0.55783 0 0 91.55024 -0.02706
fb: 0.00397 0.03797 -0.46173 0.46614
fb: 0.01567 -0.01101 -0.46173 0.46614
target: 0.00000 0.13282
dist/lin/ang/drive_left/drive_right/tv_l/tv_r/av_l/av_r/x/y/theta/t_err: 0.05092 0.00000 1.01533 0.02668 0.00466 0.31503 -0.26097 0.31503 -0.26097 0 0 87.08227 0.05092
fb: 0.01545 -0.05337 -0.83438 0.84193
fb: 0.00375 -0.08173 -0.83438 0.84193
target: 0.00000 0.21455
dist/lin/ang/drive_left/drive_right/tv_l/tv_r/av_l/av_r/x/y/theta/t_err: 0.11827 0.00000 1.64014 0.08548 -0.07798 -0.17197 0.14750 -0.17197 0.14750 0 0 83.22342 0.11827
fb: 0.00397 -0.08180 -0.69873 0.70792
fb: 0.01567 -0.06661 -0.69114 0.70032
target: 0.00000 0.12978
dist/lin/ang/drive_left/drive_right/tv_l/tv_r/av_l/av_r/x/y/theta/t_err: 0.11687 0.00000 0.99213 0.08228 -0.05094 -0.59872 0.49572 -0.59872 0.49572 0 0 83.30374 0.11687
fb: 0.02714 -0.01428 0.33352 -0.33582
fb: 0.02317 0.03205 0.33352 -0.33582
target: 0.00000 -0.02719
dist/lin/ang/drive_left/drive_right/tv_l/tv_r/av_l/av_r/x/y/theta/t_err: 0.03482 0.00000 -0.20787 -0.00888 0.05522 -0.29789 0.23272 -0.29789 0.23272 0 0 88.00475 0.03482
fb: 0.01169 0.08145 0.76362 -0.76905
fb: 0.00397 0.09866 0.76362 -0.76905
target: 0.00000 -0.11777
dist/lin/ang/drive_left/drive_right/tv_l/tv_r/av_l/av_r/x/y/theta/t_err: -0.03239 0.00000 -0.90028 -0.09469 0.10263 0.19250 -0.17522 0.19250 -0.17522 0 0 91.85581 -0.03239
fb: 0.00000 0.09274 0.52551 -0.53276
fb: 0.00000 0.06424 0.52551 -0.53276
target: 0.00000 0.00210
dist/lin/ang/drive_left/drive_right/tv_l/tv_r/av_l/av_r/x/y/theta/t_err: -0.01589 0.00000 0.01606 -0.06424 0.06424 0.53028 -0.45053 0.53028 -0.45053 0 0 90.91015 -0.01589
fb: 0.00000 0.01568 -0.57983 0.58476
fb: 0.00375 -0.03149 -0.57983 0.58476
target: 0.00000 0.15907
dist/lin/ang/drive_left/drive_right/tv_l/tv_r/av_l/av_r/x/y/theta/t_err: 0.06338 0.00000 1.21606 0.03524 -0.02774 0.23989 -0.26847 0.23989 -0.26847 0 0 86.36880 0.06338
fb: 0.00772 -0.08138 -0.85198 0.86005
fb: 0.00397 -0.10660 -0.98481 0.99289
target: 0.00000 0.24632
dist/lin/ang/drive_left/drive_right/tv_l/tv_r/av_l/av_r/x/y/theta/t_err: 0.13834 0.00000 1.88307 0.11058 -0.10263 -0.14033 0.14986 -0.14033 0.14986 0 0 82.07392 0.13834
fb: 0.00000 -0.10591 -0.77281 0.78263
fb: 0.00574 -0.08981 -0.76476 0.77458
target: 0.00000 0.15760
dist/lin/ang/drive_left/drive_right/tv_l/tv_r/av_l/av_r/x/y/theta/t_err: 0.13918 0.00000 1.20481 0.09555 -0.08407 -0.49725 0.44092 -0.49725 0.44092 0 0 82.02540 0.13918
fb: 0.01743 -0.03846 0.33269 -0.33443
fb: 0.01942 0.01428 0.33269 -0.33443
target: 0.00000 0.00063
dist/lin/ang/drive_left/drive_right/tv_l/tv_r/av_l/av_r/x/y/theta/t_err: 0.05580 0.00000 0.00481 0.00513 0.03370 -0.46081 0.20908 -0.46081 0.20908 0 0 86.80269 0.05580
fb: 0.00772 0.06947 0.74498 -0.74986
fb: 0.00000 0.09093 0.74498 -0.74986
target: 0.00000 -0.10979
dist/lin/ang/drive_left/drive_right/tv_l/tv_r/av_l/av_r/x/y/theta/t_err: -0.01810 0.00000 -0.83932 -0.09093 0.09093 0.24469 -0.18003 0.24469 -0.18003 0 0 91.03723 -0.01810
fb: 0.00000 0.08905 0.60948 -0.61657
fb: 0.00000 0.06577 0.60948 -0.61657
target: 0.00000 0.00085
dist/lin/ang/drive_left/drive_right/tv_l/tv_r/av_l/av_r/x/y/theta/t_err: -0.00902 0.00000 0.00652 -0.06577 0.06577 0.42383 -0.49317 0.42383 -0.49317 0 0 90.51658 -0.00902
fb: 0.00397 0.01832 -0.53750 0.54241
fb: 0.00772 -0.03442 -0.53750 0.54241
target: 0.00000 0.15782
dist/lin/ang/drive_left/drive_right/tv_l/tv_r/av_l/av_r/x/y/theta/t_err: 0.07408 0.00000 1.20652 0.04214 -0.02670 0.29175 -0.23575 0.29175 -0.23575 0 0 85.75530 0.07408
fb: 0.00772 -0.08319 -0.85114 0.85919
fb: 0.00397 -0.10890 -0.98450 0.99255
target: 0.00000 0.25791
dist/lin/ang/drive_left/drive_right/tv_l/tv_r/av_l/av_r/x/y/theta/t_err: 0.14885 0.00000 1.97164 0.11288 -0.10493 -0.22431 0.19711 -0.22431 0.19711 0 0 81.47170 0.14885
fb: 0.00000 -0.10681 -0.84457 0.85462
fb: -0.00199 -0.07929 -0.83081 0.84086
target: 0.00000 0.14291
dist/lin/ang/drive_left/drive_right/tv_l/tv_r/av_l/av_r/x/y/theta/t_err: 0.13834 0.00000 1.09249 0.07731 -0.08128 -0.46097 0.47756 -0.46097 0.47756 0 0 82.07385 0.13834
fb: -0.00199 -0.02850 0.46078 -0.46282
fb: 0.00000 0.02362 0.46078 -0.46282
target: 0.00000 -0.01406
dist/lin/ang/drive_left/drive_right/tv_l/tv_r/av_l/av_r/x/y/theta/t_err: 0.05475 0.00000 -0.10751 -0.02362 0.02362 -0.27119 0.15006 -0.27119 0.15006 0 0 86.86288 0.05475
fb: 0.00375 0.07309 0.75482 -0.75999
fb: 0.00375 0.08884 0.75482 -0.75999
target: 0.00000 -0.08955
dist/lin/ang/drive_left/drive_right/tv_l/tv_r/av_l/av_r/x/y/theta/t_err: -0.00998 0.00000 -0.68457 -0.08509 0.09259 0.32528 -0.19419 0.32528 -0.19419 0 0 90.57169 -0.00998
fb: 0.00000 0.08473 0.43870 -0.44539
fb: 0.00000 0.05163 0.43870 -0.44539
target: 0.00000 0.03606
dist/lin/ang/drive_left/drive_right/tv_l/tv_r/av_l/av_r/x/y/theta/t_err: 0.01027 0.00000 0.27569 -0.05163 0.05163 0.45206 -0.45703 0.45206 -0.45703 0 0 89.41132 0.01027
fb: 0.00794 -0.00188 -0.62844 0.63405
fb: 0.01169 -0.04989 -0.62844 0.63405
target: 0.00000 0.19304
dist/lin/ang/drive_left/drive_right/tv_l/tv_r/av_l/av_r/x/y/theta/t_err: 0.09700 0.00000 1.47569 0.06158 -0.03819 0.23081 -0.18019 0.23081 -0.18019 0 0 84.44236 0.09700
fb: 0.00375 -0.09518 -1.00000 1.00000
fb: 0.00000 -0.11127 -1.00000 1.00000
target: 0.00000 0.26108
dist/lin/ang/drive_left/drive_right/tv_l/tv_r/av_l/av_r/x/y/theta/t_err: 0.16208 0.00000 1.99588 0.11127 -0.11127 -0.27617 0.24639 -0.27617 0.24639 0 0 80.71351 0.16208
fb: 0.00000 -0.10549 -0.70344 0.71356
fb: 0.00000 -0.07713 -0.68926 0.69938
target: 0.00000 0.14909
dist/lin/ang/drive_left/drive_right/tv_l/tv_r/av_l/av_r/x/y/theta/t_err: 0.14784 0.00000 1.13976 0.07713 -0.07713 -0.53472 0.47808 -0.53472 0.47808 0 0 81.52922 0.14784
fb: 0.00772 -0.02982 0.44308 -0.44500
fb: 0.01567 0.02104 0.44308 -0.44500
target: 0.00000 -0.00788
dist/lin/ang/drive_left/drive_right/tv_l/tv_r/av_l/av_r/x/y/theta/t_err: 0.06845 0.00000 -0.06024 -0.00538 0.03671 -0.20464 0.27378 -0.20464 0.27378 0 0 86.07799 0.06845
fb: 0.01567 0.07776 0.75068 -0.75573
fb: 0.00772 0.09755 0.75068 -0.75573
target: 0.00000 -0.09820
dist/lin/ang/drive_left/drive_right/tv_l/tv_r/av_l/av_r/x/y/theta/t_err: -0.00658 0.00000 -0.75072 -0.08982 0.10527 0.23478 -0.14492 0.23478 -0.14492 0 0 90.37727 -0.00658
fb: 0.00000 0.09532 0.51126 -0.51812
fb: 0.00177 0.07455 0.51126 -0.51812
target: 0.00000 0.00720
dist/lin/ang/drive_left/drive_right/tv_l/tv_r/av_l/av_r/x/y/theta/t_err: -0.00033 0.00000 0.05505 -0.07279 0.07632 0.50956 -0.47686 0.50956 -0.47686 0 0 90.01880 -0.00033
fb: 0.00177 0.02237 -0.51816 0.52320
fb: 0.00000 -0.03142 -0.51816 0.52320
target: 0.00000 0.16417
dist/lin/ang/drive_left/drive_right/tv_l/tv_r/av_l/av_r/x/y/theta/t_err: 0.08702 0.00000 1.25505 0.03142 -0.03142 0.21986 -0.29619 0.21986 -0.29619 0 0 85.01403 0.08702
fb: 0.00000 -0.07734 -0.85539 0.86357
fb: 0.00000 -0.09608 -0.98552 0.99370
target: 0.00000 0.25005
dist/lin/ang/drive_left/drive_right/tv_l/tv_r/av_l/av_r/x/y/theta/t_err: 0.15219 0.00000 1.91155 0.09608 -0.09608 -0.29636 0.25528 -0.29636 0.25528 0 0 81.28044 0.15219
fb: 0.00000 -0.09448 -0.76527 0.77516
fb: 0.00397 -0.06090 -0.74848 0.75837
target: 0.00000 0.13052
dist/lin/ang/drive_left/drive_right/tv_l/tv_r/av_l/av_r/x/y/theta/t_err: 0.13476 0.00000 0.99776 0.06487 -0.05692 -0.47775 0.42006 -0.47775 0.42006 0 0 82.27881 0.13476
fb: 0.00397 -0.01045 0.48948 -0.49176
fb: 0.00000 0.04006 0.48948 -0.49176
target: 0.00000 -0.02646
dist/lin/ang/drive_left/drive_right/tv_l/tv_r/av_l/av_r/x/y/theta/t_err: 0.05038 0.00000 -0.20224 -0.04006 0.04006 -0.26711 0.28506 -0.26711 0.28506 0 0 87.11317 0.05038
fb: 0.00000 0.09838 0.76312 -0.76854
fb: 0.00199 0.11517 0.76312 -0.76854
target: 0.00000 -0.12281
dist/lin/ang/drive_left/drive_right/tv_l/tv_r/av_l/av_r/x/y/theta/t_err: -0.02648 0.00000 -0.93881 -0.11319 0.11716 0.17161 -0.27511 0.17161 -0.27511 0 0 91.51745 -0.02648
fb: 0.00199 0.11232 0.55488 -0.56223
fb: 0.00000 0.08361 0.55488 -0.56223
target: 0.00000 -0.00359
dist/lin/ang/drive_left/drive_right/tv_l/tv_r/av_l/av_r/x/y/theta/t_err: -0.01526 0.00000 -0.02742 -0.08361 0.08361 0.52189 -0.54189 0.52189 -0.54189 0 0 90.87435 -0.01526
fb: 0.00000 0.02822 -0.57311 0.57793
fb: 0.00000 -0.02411 -0.57311 0.57793
target: 0.00000 0.15339
dist/lin/ang/drive_left/drive_right/tv_l/tv_r/av_l/av_r/x/y/theta/t_err: 0.07235 0.00000 1.17258 0.02411 -0.02411 0.32953 -0.41339 0.32953 -0.41339 0 0 85.85474 0.07235
fb: 0.00000 -0.07267 -0.84817 0.85613
fb: 0.00000 -0.09901 -0.84817 0.85613
target: 0.00000 0.25299
dist/lin/ang/drive_left/drive_right/tv_l/tv_r/av_l/av_r/x/y/theta/t_err: 0.14584 0.00000 1.93406 0.09901 -0.09901 -0.18481 0.13636 -0.18481 0.13636 0 0 81.64386 0.14584
fb: -0.00199 -0.09887 -0.83270 0.84265
fb: -0.00199 -0.07400 -0.82026 0.83022
target: 0.00000 0.14593
dist/lin/ang/drive_left/drive_right/tv_l/tv_r/av_l/av_r/x/y/theta/t_err: 0.13808 0.00000 1.11560 0.07201 -0.07598 -0.49414 0.58244 -0.49414 0.58244 0 0 82.08888 0.13808
fb: 0.00000 -0.01623 0.42303 -0.42501
fb: 0.00000 0.02982 0.42303 -0.42501
target: 0.00000 -0.01104
dist/lin/ang/drive_left/drive_right/tv_l/tv_r/av_l/av_r/x/y/theta/t_err: 0.05235 0.00000 -0.08440 -0.02982 0.02982 -0.36756 0.38842 -0.36756 0.38842 0 0 87.00054 0.05235
fb: 0.00000 0.07776 0.75279 -0.75791
fb: 0.00000 0.09817 0.75279 -0.75791
target: 0.00000 -0.10102
dist/lin/ang/drive_left/drive_right/tv_l/tv_r/av_l/av_r/x/y/theta/t_err: -0.01614 0.00000 -0.77226 -0.09817 0.09817 0.19983 -0.11069 0.19983 -0.11069 0 0 90.92450 -0.01614
fb: 0.00199 0.09483 0.51161 -0.51853
fb: 0.00199 0.07699 0.51161 -0.51853
target: 0.00000 -0.00778
dist/lin/ang/drive_left/drive_right/tv_l/tv_r/av_l/av_r/x/y/theta/t_err: -0.01169 0.00000 -0.05945 -0.07501 0.07898 0.52394 -0.53883 0.52394 -0.53883 0 0 90.66990 -0.01169
fb: 0.00000 0.02418 -0.45341 0.45814
fb: 0.00000 -0.03393 -0.45341 0.45814
target: 0.00000 0.14920
dist/lin/ang/drive_left/drive_right/tv_l/tv_r/av_l/av_r/x/y/theta/t_err: 0.07992 0.00000 1.14055 0.03393 -0.03393 0.41956 -0.39797 0.41956 -0.39797 0 0 85.42064 0.07992
fb: 0.00000 -0.07574 -0.84536 0.85324
fb: 0.00000 -0.10598 -0.97294 0.98082
target: 0.00000 0.25762
dist/lin/ang/drive_left/drive_right/tv_l/tv_r/av_l/av_r/x/y/theta/t_err: 0.15175 0.00000 1.96943 0.10598 -0.10598 -0.14031 0.12472 -0.14031 0.12472 0 0 81.30536 0.15175
fb: 0.00000 -0.10563 -0.88117 0.89122
fb: 0.00772 -0.07727 -0.86699 0.87704
target: 0.00000 0.14703
dist/lin/ang/drive_left/drive_right/tv_l/tv_r/av_l/av_r/x/y/theta/t_err: 0.14161 0.00000 1.12398 0.08499 -0.06955 -0.46903 0.38669 -0.46903 0.38669 0 0 81.88656 0.14161
fb: 0.02913 -0.03010 0.43818 -0.44014
fb: 0.03288 0.01658 0.43818 -0.44014
target: 0.00000 -0.00994
dist/lin/ang/drive_left/drive_right/tv_l/tv_r/av_l/av_r/x/y/theta/t_err: 0.06609 0.00000 -0.07602 0.01630 0.04946 -0.42797 0.36256 -0.42797 0.36256 0 0 86.21340 0.06609
fb: 0.01545 0.07260 0.75206 -0.75715
fb: 0.00397 0.10019 0.75206 -0.75715
target: 0.00000 -0.11424
dist/lin/ang/drive_left/drive_right/tv_l/tv_r/av_l/av_r/x/y/theta/t_err: -0.01468 0.00000 -0.87331 -0.09622 0.10417 0.13858 -0.17469 0.13858 -0.17469 0 0 90.84093 -0.01468
fb: 0.00000 0.09594 0.58488 -0.59206
fb: 0.00000 0.07218 0.58488 -0.59206
target: 0.00000 0.00800
dist/lin/ang/drive_left/drive_right/tv_l/tv_r/av_l/av_r/x/y/theta/t_err: -0.00418 0.00000 0.06115 -0.07218 0.07218 0.54292 -0.59253 0.54292 -0.59253 0 0 90.23950 -0.00418
fb: 0.00000 0.02473 -0.59444 0.59950
fb: 0.00000 -0.03087 -0.59444 0.59950
target: 0.00000 0.16497
dist/lin/ang/drive_left/drive_right/tv_l/tv_r/av_l/av_r/x/y/theta/t_err: 0.08068 0.00000 1.26115 0.03087 -0.03087 0.26061 -0.48100 0.26061 -0.48100 0 0 85.37732 0.08068
fb: 0.00000 -0.07762 -0.85593 0.86412
fb: 0.00000 -0.10417 -0.99050 0.99869
target: 0.00000 0.26084
dist/lin/ang/drive_left/drive_right/tv_l/tv_r/av_l/av_r/x/y/theta/t_err: 0.15352 0.00000 1.99407 0.10417 -0.10417 -0.23886 0.06500 -0.23886 0.06500 0 0 81.20384 0.15352
fb: 0.00000 -0.09998 -0.82563 0.83574
fb: 0.00000 -0.07588 -0.81358 0.82369
target: 0.00000 0.14900
dist/lin/ang/drive_left/drive_right/tv_l/tv_r/av_l/av_r/x/y/theta/t_err: 0.14337 0.00000 1.13905 0.07588 -0.07588 -0.43992 0.50544 -0.43992 0.50544 0 0 81.78560 0.14337
fb: 0.00000 -0.03142 0.44250 -0.44441
fb: 0.00397 0.02278 0.44250 -0.44441
target: 0.00000 -0.00797
dist/lin/ang/drive_left/drive_right/tv_l/tv_r/av_l/av_r/x/y/theta/t_err: 0.06334 0.00000 -0.06095 -0.01881 0.02676 -0.13550 0.32953 -0.13550 0.32953 0 0 86.37069 0.06334
fb: 0.00397 0.07253 0.75074 -0.75579
fb: 0.00000 0.09197 0.75074 -0.75579
target: 0.00000 -0.08796
dist/lin/ang/drive_left/drive_right/tv_l/tv_r/av_l/av_r/x/y/theta/t_err: -0.00485 0.00000 -0.67244 -0.09197 0.09197 0.26831 -0.21422 0.26831 -0.21422 0 0 90.27769 -0.00485
fb: 0.00000 0.08361 0.45790 -0.46456
fb: 0.00000 0.03170 0.45790 -0.46456
target: 0.00000 0.06901
dist/lin/ang/drive_left/drive_right/tv_l/tv_r/av_l/av_r/x/y/theta/t_err: 0.03616 0.00000 0.52756 -0.03170 0.03170 0.45481 -0.52444 0.45481 -0.52444 0 0 87.92835 0.03616
fb: 0.00000 -0.02473 -0.79163 0.79791
fb: 0.00000 -0.06968 -0.79163 0.79791
target: 0.00000 0.22598
dist/lin/ang/drive_left/drive_right/tv_l/tv_r/av_l/av_r/x/y/theta/t_err: 0.12569 0.00000 1.72756 0.06968 -0.06968 0.18086 -0.31447 0.18086 -0.31447 0 0 82.79833 0.12569
fb: -0.00199 -0.11044 -1.00000 1.00000
fb: -0.00199 -0.12381 -1.00000 1.00000
target: 0.00000 0.28472
dist/lin/ang/drive_left/drive_right/tv_l/tv_r/av_l/av_r/x/y/theta/t_err: 0.18707 0.00000 2.17658 0.12183 -0.12580 -0.26247 0.18600 -0.26247 0.18600 0 0 79.28154 0.18707
fb: 0.00000 -0.11622 -0.69457 0.70516
fb: 0.00000 -0.09239 -0.68265 0.69324
target: 0.00000 0.18670
dist/lin/ang/drive_left/drive_right/tv_l/tv_r/av_l/av_r/x/y/theta/t_err: 0.17690 0.00000 1.42724 0.09239 -0.09239 -0.53317 0.57286 -0.53317 0.57286 0 0 79.86439 0.17690
fb: 0.00000 -0.04299 0.35503 -0.35619
fb: 0.00000 0.01129 0.35503 -0.35619
target: 0.00000 0.00684
dist/lin/ang/drive_left/drive_right/tv_l/tv_r/av_l/av_r/x/y/theta/t_err: 0.09460 0.00000 0.05232 -0.01129 0.01129 -0.28575 0.35778 -0.28575 0.35778 0 0 84.57971 0.09460
fb: 0.00375 0.06745 0.84378 -0.84853
fb: 0.00375 0.09413 0.84378 -0.84853
target: 0.00000 -0.07845
dist/lin/ang/drive_left/drive_right/tv_l/tv_r/av_l/av_r/x/y/theta/t_err: 0.01542 0.00000 -0.59973 -0.09038 0.09788 0.16292 -0.13036 0.16292 -0.13036 0 0 89.11622 0.01542
fb: 0.00000 0.09100 0.47541 -0.48188
fb: 0.00000 0.07260 0.47541 -0.48188
target: 0.00000 0.03008
dist/lin/ang/drive_left/drive_right/tv_l/tv_r/av_l/av_r/x/y/theta/t_err: 0.02087 0.00000 0.22992 -0.07260 0.07260 0.44606 -0.51144 0.44606 -0.51144 0 0 88.80401 0.02087
fb: -0.00177 0.02501 -0.54754 0.55304
fb: -0.00177 -0.02487 -0.54754 0.55304
target: 0.00000 0.18705
dist/lin/ang/drive_left/drive_right/tv_l/tv_r/av_l/av_r/x/y/theta/t_err: 0.10055 0.00000 1.42992 0.02311 -0.02664 0.45789 -0.10950 0.45789 -0.10950 0 0 84.23865 0.10055
fb: 0.00000 -0.06856 -0.99852 1.00000
fb: 0.00000 -0.08528 -1.00000 1.00000
target: 0.00000 0.25371
dist/lin/ang/drive_left/drive_right/tv_l/tv_r/av_l/av_r/x/y/theta/t_err: 0.16076 0.00000 1.93950 0.08528 -0.08528 -0.07564 0.39114 -0.07564 0.39114 0 0 80.78894 0.16076
fb: 0.00000 -0.07950 -0.67557 0.68554
fb: 0.02891 -0.04815 -0.65989 0.66986
target: 0.00000 0.13160
dist/lin/ang/drive_left/drive_right/tv_l/tv_r/av_l/av_r/x/y/theta/t_err: 0.13967 0.00000 1.00601 0.07705 -0.01924 -0.42642 0.48336 -0.42642 0.48336 0 0 81.99761 0.13967
fb: 0.06002 0.00585 0.50034 -0.50261
fb: 0.06024 0.05623 0.50034 -0.50261
final error was 5.78616
position: -0.05089 0.59239 84.21384
took 3.02000 time to finish turn
increased to 135.00000
increased to 180.00000
target: 0.00000 0.15697
dist/lin/ang/drive_left/drive_right/tv_l/tv_r/av_l/av_r/x/y/theta/t_err: 3.14160 0.00000 1.20000 0.00397 0.00397 0.00017 -0.00050 0.00017 -0.00050 0 0 -0.00031 3.14160
fb: -0.00397 0.00000 -0.85057 0.85860
fb: 0.00000 0.00000 -0.85057 0.85860
target: 0.00000 0.31394
dist/lin/ang/drive_left/drive_right/tv_l/tv_r/av_l/av_r/x/y/theta/t_err: 3.14159 0.00000 2.40000 0.00000 0.00000 -0.08264 0.08111 -0.08264 0.08111 0 0 0.00000 3.14159
fb: 0.00000 0.00000 -1.00000 1.00000
fb: -0.00397 0.02515 -1.00000 1.00000
target: 0.00000 0.47092
dist/lin/ang/drive_left/drive_right/tv_l/tv_r/av_l/av_r/x/y/theta/t_err: 3.11875 0.00000 3.60000 -0.02912 0.02118 -0.42058 0.44658 -0.42058 0.44658 0 0 1.30894 3.11875
fb: 0.00000 0.07058 -1.00000 1.00000
fb: 0.00000 0.11594 -1.00000 1.00000
target: 0.00000 0.62789
dist/lin/ang/drive_left/drive_right/tv_l/tv_r/av_l/av_r/x/y/theta/t_err: 3.03056 0.00000 4.80000 -0.11594 0.11594 -0.59786 0.53267 -0.59786 0.53267 0 0 6.36175 3.03056
fb: 0.00397 0.16499 -1.00000 1.00000
fb: 0.00000 0.20833 -1.00000 1.00000
target: 0.00000 0.78486
dist/lin/ang/drive_left/drive_right/tv_l/tv_r/av_l/av_r/x/y/theta/t_err: 2.92691 0.00000 6.00000 -0.20833 0.20833 -0.73492 0.70394 -0.73492 0.70394 0 0 12.30016 2.92691
fb: -0.00000 0.25021 -1.00000 1.00000
fb: 0.00000 0.29264 -1.00000 1.00000
target: 0.00000 0.78486
dist/lin/ang/drive_left/drive_right/tv_l/tv_r/av_l/av_r/x/y/theta/t_err: 2.81693 0.00000 6.00000 -0.29264 0.29264 -0.78144 0.76039 -0.78144 0.76039 0 0 18.60188 2.81693
fb: -0.00397 0.33430 -0.79016 0.81075
fb: 0.00000 0.37221 -0.77121 0.79180
target: 0.00000 0.78486
dist/lin/ang/drive_left/drive_right/tv_l/tv_r/av_l/av_r/x/y/theta/t_err: 2.69838 0.00000 6.00000 -0.37221 0.37221 -0.71611 0.68322 -0.71611 0.68322 0 0 25.39431 2.69838
fb: 0.00000 0.40509 -0.75476 0.77535
fb: 0.00000 0.43868 -0.73797 0.75856
target: 0.00000 0.78486
dist/lin/ang/drive_left/drive_right/tv_l/tv_r/av_l/av_r/x/y/theta/t_err: 2.57993 0.00000 6.00000 -0.43868 0.43868 -0.63033 0.56603 -0.63033 0.56603 0 0 32.18068 2.57993
fb: 0.00000 0.47031 -0.72215 0.74274
fb: 0.00000 0.50222 -0.70620 0.72679
target: 0.00000 0.78486
dist/lin/ang/drive_left/drive_right/tv_l/tv_r/av_l/av_r/x/y/theta/t_err: 2.45406 0.00000 6.00000 -0.50222 0.50222 -0.59594 0.61683 -0.59594 0.61683 0 0 39.39249 2.45406
fb: 0.00000 0.53260 -0.69101 0.71160
fb: 0.00000 0.56340 -0.67561 0.69620
target: 0.00000 0.78486
dist/lin/ang/drive_left/drive_right/tv_l/tv_r/av_l/av_r/x/y/theta/t_err: 2.32068 0.00000 6.00000 -0.56340 0.56340 -0.59086 0.60297 -0.59086 0.60297 0 0 47.03485 2.32068
fb: 0.00000 0.59378 -0.66042 0.68101
fb: 0.00000 0.62443 -0.64509 0.66568
target: 0.00000 0.78486
dist/lin/ang/drive_left/drive_right/tv_l/tv_r/av_l/av_r/x/y/theta/t_err: 2.17811 0.00000 6.00000 -0.62443 0.62443 -0.59819 0.61208 -0.59819 0.61208 0 0 55.20321 2.17811
fb: 0.00000 0.65523 -0.62969 0.65028
fb: 0.00000 0.68087 -0.61687 0.63746
target: 0.00000 0.78486
dist/lin/ang/drive_left/drive_right/tv_l/tv_r/av_l/av_r/x/y/theta/t_err: 2.03039 0.00000 6.00000 -0.68087 0.68087 -0.59289 0.60658 -0.59289 0.60658 0 0 63.66730 2.03039
fb: -0.02140 0.70630 -0.60416 0.62475
fb: -0.04258 0.72951 -0.59256 0.61315
target: 0.00000 0.78486
dist/lin/ang/drive_left/drive_right/tv_l/tv_r/av_l/av_r/x/y/theta/t_err: 1.88139 0.00000 6.00000 -0.77209 0.68692 -0.59308 0.59272 -0.59308 0.59272 0 0 72.20449 1.88139
fb: -0.03685 0.75013 -0.58224 0.60284
fb: -0.03111 0.76908 -0.57277 0.59336
target: 0.00000 0.78486
dist/lin/ang/drive_left/drive_right/tv_l/tv_r/av_l/av_r/x/y/theta/t_err: 1.73341 0.00000 6.00000 -0.80019 0.73797 -0.57833 0.58433 -0.57833 0.58433 0 0 80.68320 1.73341
fb: -0.02714 0.78964 -0.56249 0.58308
fb: -0.02515 0.81075 -0.55194 0.57253
target: 0.00000 0.78486
dist/lin/ang/drive_left/drive_right/tv_l/tv_r/av_l/av_r/x/y/theta/t_err: 1.57749 0.00000 6.00000 -0.83590 0.78560 -0.56075 0.57475 -0.56075 0.57475 0 0 89.61625 1.57749
fb: -0.03287 0.82782 -0.54340 0.56399
fb: -0.04280 0.84356 -0.53553 0.55612
target: 0.00000 0.78486
dist/lin/ang/drive_left/drive_right/tv_l/tv_r/av_l/av_r/x/y/theta/t_err: 1.42350 0.00000 6.00000 -0.88637 0.80076 -0.54258 0.55989 -0.54258 0.55989 0 0 98.43968 1.42350
fb: -0.04854 0.85513 -0.52974 0.55033
fb: -0.05802 0.86391 -0.52535 0.54595
target: 0.00000 0.78486
dist/lin/ang/drive_left/drive_right/tv_l/tv_r/av_l/av_r/x/y/theta/t_err: 1.27605 0.00000 6.00000 -0.92193 0.80589 -0.52342 0.54275 -0.52342 0.54275 0 0 106.88768 1.27605
fb: -0.06972 0.87074 -0.52194 0.54253
fb: -0.08538 0.87673 -0.51894 0.53954
target: 0.00000 0.78486
dist/lin/ang/drive_left/drive_right/tv_l/tv_r/av_l/av_r/x/y/theta/t_err: 1.13249 0.00000 6.00000 -0.96211 0.79135 -0.51025 0.52806 -0.51025 0.52806 0 0 115.11338 1.13249
fb: -0.09509 0.88377 -0.51543 0.53602
fb: -0.08714 0.89004 -0.51229 0.53288
target: 0.00000 0.78486
dist/lin/ang/drive_left/drive_right/tv_l/tv_r/av_l/av_r/x/y/theta/t_err: 0.98649 0.00000 6.00000 -0.97718 0.80289 -0.50511 0.51797 -0.50511 0.51797 0 0 123.47830 0.98649
fb: -0.09111 0.89624 -0.50919 0.52978
fb: -0.09310 0.90216 -0.50623 0.52682
target: 0.00000 0.76669
dist/lin/ang/drive_left/drive_right/tv_l/tv_r/av_l/av_r/x/y/theta/t_err: 0.83956 0.00000 5.86111 -0.99526 0.80906 -0.50169 0.51364 -0.50169 0.51364 0 0 131.89678 0.83956
fb: -0.08913 0.90558 -0.40151 0.42173
fb: -0.08935 0.90739 -0.40060 0.42083
target: 0.00000 0.61195
dist/lin/ang/drive_left/drive_right/tv_l/tv_r/av_l/av_r/x/y/theta/t_err: 0.69715 0.00000 4.67816 -0.99674 0.81804 -0.47567 0.49606 -0.47567 0.49606 0 0 140.05639 0.69715
fb: -0.08141 0.90787 0.47332 -0.46597
fb: -0.08141 0.90230 0.47053 -0.46318
target: 0.00000 0.47201
dist/lin/ang/drive_left/drive_right/tv_l/tv_r/av_l/av_r/x/y/theta/t_err: 0.56341 0.00000 3.60833 -0.98371 0.82089 -0.29314 0.36411 -0.29314 0.36411 0 0 147.71873 0.56341
fb: -0.09509 0.89505 0.56405 -0.55950
fb: -0.10457 0.87973 0.55639 -0.55184
target: 0.00000 0.36094
dist/lin/ang/drive_left/drive_right/tv_l/tv_r/av_l/av_r/x/y/theta/t_err: 0.44655 0.00000 2.75925 -0.98430 0.77515 0.18497 -0.15208 0.18497 -0.15208 0 0 154.41483 0.44655
fb: -0.13965 0.84085 0.53696 -0.53463
fb: -0.17275 0.78532 0.50919 -0.50686
target: 0.00000 0.39350
dist/lin/ang/drive_left/drive_right/tv_l/tv_r/av_l/av_r/x/y/theta/t_err: 0.39993 0.00000 3.00820 -0.95806 0.61257 0.33725 -0.44058 0.33725 -0.44058 0 0 157.08573 0.39993
fb: -0.18621 0.73013 -0.18779 0.38676
fb: -0.19195 0.66986 -0.21505 0.41977
target: 0.00000 0.41962
dist/lin/ang/drive_left/drive_right/tv_l/tv_r/av_l/av_r/x/y/theta/t_err: 0.38696 0.00000 3.20788 -0.86181 0.47791 0.27719 -0.32975 0.27719 -0.32975 0 0 157.82885 0.38696
fb: -0.16658 0.61085 -0.34210 0.35539
fb: -0.14342 0.55880 -0.36812 0.38141
target: 0.00000 0.43747
dist/lin/ang/drive_left/drive_right/tv_l/tv_r/av_l/av_r/x/y/theta/t_err: 0.38788 0.00000 3.34429 -0.70222 0.41538 -0.17058 0.21403 -0.17058 0.21403 0 0 157.77609 0.38788
fb: -0.11849 0.52292 -0.36970 0.38334
fb: -0.09311 0.50452 -0.37889 0.39254
target: 0.00000 0.35514
dist/lin/ang/drive_left/drive_right/tv_l/tv_r/av_l/av_r/x/y/theta/t_err: 0.35310 0.00000 2.71494 -0.59763 0.41141 -0.33417 0.34803 -0.33417 0.34803 0 0 159.76886 0.35310
fb: -0.09488 0.49303 0.24048 -0.23827
fb: -0.10084 0.49261 0.24027 -0.23807
target: 0.00000 0.24344
dist/lin/ang/drive_left/drive_right/tv_l/tv_r/av_l/av_r/x/y/theta/t_err: 0.28724 0.00000 1.86102 -0.59344 0.39177 -0.25136 0.25664 -0.25136 0.25664 0 0 163.54248 0.28724
fb: -0.10282 0.49268 0.37857 -0.37860
fb: -0.10657 0.48397 0.37857 -0.37860
target: 0.00000 0.16570
dist/lin/ang/drive_left/drive_right/tv_l/tv_r/av_l/av_r/x/y/theta/t_err: 0.21981 0.00000 1.26670 -0.59054 0.37740 0.16153 -0.14717 0.16153 -0.14717 0 0 167.40567 0.21981
fb: -0.12599 0.45944 0.42472 -0.42630
fb: -0.13393 0.42042 0.40521 -0.40679
target: 0.00000 0.21219
dist/lin/ang/drive_left/drive_right/tv_l/tv_r/av_l/av_r/x/y/theta/t_err: 0.20478 0.00000 1.62211 -0.55436 0.28649 0.33433 -0.33861 0.33433 -0.33861 0 0 168.26680 0.20478
fb: -0.11452 0.37005 -0.39040 0.39953
fb: -0.09687 0.31486 -0.39040 0.39953
target: 0.00000 0.30896
dist/lin/ang/drive_left/drive_right/tv_l/tv_r/av_l/av_r/x/y/theta/t_err: 0.23844 0.00000 2.36189 -0.41173 0.21800 0.19250 -0.24675 0.19250 -0.24675 0 0 166.33848 0.23844
fb: -0.08539 0.26686 -0.70254 0.71361
fb: -0.08142 0.23571 -0.71811 0.72919
target: 0.00000 0.32783
dist/lin/ang/drive_left/drive_right/tv_l/tv_r/av_l/av_r/x/y/theta/t_err: 0.26396 0.00000 2.50613 -0.31713 0.15429 -0.33058 0.21936 -0.33058 0.21936 0 0 164.87621 0.26396
fb: -0.07171 0.22401 -0.39548 0.40693
fb: -0.06995 0.23014 -0.39242 0.40387
target: 0.00000 0.22522
dist/lin/ang/drive_left/drive_right/tv_l/tv_r/av_l/av_r/x/y/theta/t_err: 0.23324 0.00000 1.72176 -0.30009 0.16019 -0.59614 0.48819 -0.59614 0.48819 0 0 166.63616 0.23324
fb: -0.07370 0.26240 0.34984 -0.35023
fb: -0.07568 0.29849 0.34984 -0.35023
target: 0.00000 0.03156
dist/lin/ang/drive_left/drive_right/tv_l/tv_r/av_l/av_r/x/y/theta/t_err: 0.13439 0.00000 0.24128 -0.37418 0.22281 -0.35403 0.26572 -0.35403 0.26572 0 0 172.30030 0.13439
fb: -0.08341 0.31556 1.00000 -1.00000
fb: -0.08341 0.30992 1.00000 -1.00000
target: 0.00000 0.01919
dist/lin/ang/drive_left/drive_right/tv_l/tv_r/av_l/av_r/x/y/theta/t_err: 0.07786 0.00000 0.14669 -0.39332 0.22651 0.19711 -0.23286 0.19711 -0.23286 0 0 175.53912 0.07786
fb: -0.07944 0.29327 0.21889 -0.22340
fb: -0.06399 0.25195 0.08185 -0.08636
target: 0.00000 0.10191
dist/lin/ang/drive_left/drive_right/tv_l/tv_r/av_l/av_r/x/y/theta/t_err: 0.08399 0.00000 0.77906 -0.31594 0.18796 0.57064 -0.53214 0.57064 -0.53214 0 0 175.18768 0.08399
fb: -0.03884 0.19586 -0.47955 0.48648
fb: -0.02891 0.14918 -0.47955 0.48648
target: 0.00000 0.22846
dist/lin/ang/drive_left/drive_right/tv_l/tv_r/av_l/av_r/x/y/theta/t_err: 0.14137 0.00000 1.74651 -0.17808 0.12027 0.02603 -0.08522 0.02603 -0.08522 0 0 171.90019 0.14137
fb: -0.03685 0.10835 -0.76158 0.77104
fb: -0.04281 0.09204 -0.76158 0.77104
target: 0.00000 0.23034
dist/lin/ang/drive_left/drive_right/tv_l/tv_r/av_l/av_r/x/y/theta/t_err: 0.17190 0.00000 1.76084 -0.13485 0.04923 -0.43567 0.36053 -0.43567 0.36053 0 0 170.15060 0.17190
fb: -0.03288 0.09560 -0.20178 0.21128
fb: -0.02516 0.13266 -0.20178 0.21128
target: 0.00000 0.07345
dist/lin/ang/drive_left/drive_right/tv_l/tv_r/av_l/av_r/x/y/theta/t_err: 0.12054 0.00000 0.56149 -0.15782 0.10751 -0.61669 0.61053 -0.61669 0.61053 0 0 173.09366 0.12054
fb: -0.01942 0.17496 0.69580 -0.69922
fb: -0.01942 0.20471 0.69580 -0.69922
target: 0.00000 -0.06865
dist/lin/ang/drive_left/drive_right/tv_l/tv_r/av_l/av_r/x/y/theta/t_err: 0.03306 0.00000 -0.52483 -0.22413 0.18529 -0.20344 0.22278 -0.20344 0.22278 0 0 178.10571 0.03306
fb: -0.01942 0.21892 0.86827 -0.87453
fb: -0.01169 0.21209 0.86485 -0.87112
target: 0.00000 -0.05254
dist/lin/ang/drive_left/drive_right/tv_l/tv_r/av_l/av_r/x/y/theta/t_err: -0.00537 0.00000 -0.40165 -0.22379 0.20040 0.33367 -0.31039 0.33367 -0.31039 0 0 180.30760 -0.00537
fb: -0.00772 0.18415 -0.07633 0.08017
fb: -0.00375 0.14256 -0.07633 0.08017
final error was 8.95466
position: 0.80539 -1.26407 171.04534
took 0.84000 time to finish turn
WARNING - pros.serial.terminal.terminal:stop - Stopping terminal - pros-cli version:3.5.6

[tomas@nixbtw:~/projects/Robotics/current/Cognex]$

