
[tomas@nixbtw:~/projects/Robotics/current/Cognex]$ t
Not sending analytics for this command.

Established terminal connection



  _____  _____   ____   _____
 |  __ \|  __ \ / __ \ / ____|          Powered by PROS for VEX V5
 | |__) | |__) | |  | | (___      Version:                          4.2.1
 |  ___/|  _  /| |  | |\___ \     Uptime:                       334.234 s
 | |    | | \ \| |__| |____) |    Compiled:          Jan  1 1980 00:00:00
 |_|    |_|  \_\\____/|_____/     Directory:


start is 0.00000 0.00000
dist/lin/ang/drive_left/drive_right/tv_l/tv_r/av_l/av_r/x/y/theta/t_err: 0.83782 0.09144 3.91968 0.00000 0.00000 0.00017 0.00000 0.00017 0.00000 0.00000 0.00000 -0.00006 0.24498
target: 0.09144 0.51273
fb: 0.00000 0.00000 -0.16584 0.61442
fb: 0.00000 0.00000 -0.16584 0.61442
dist/lin/ang/drive_left/drive_right/tv_l/tv_r/av_l/av_r/x/y/theta/t_err: 0.83782 0.18288 3.91966 0.00000 0.00000 -0.03558 0.08403 -0.03558 0.08403 0.00000 0.00000 -0.00003 0.24498
target: 0.18288 0.51273
fb: 0.00000 0.00000 0.04662 0.74883
fb: 0.00000 0.01233 0.04662 0.74883
dist/lin/ang/drive_left/drive_right/tv_l/tv_r/av_l/av_r/x/y/theta/t_err: 0.83782 0.27432 3.91949 -0.01233 0.01233 -0.09186 0.36411 -0.09186 0.36411 0.00000 0.00000 0.00026 0.24497
target: 0.27432 0.51271
fb: 0.00000 0.03372 0.13076 0.83294
fb: 0.00000 0.05226 0.13076 0.83294
dist/lin/ang/drive_left/drive_right/tv_l/tv_r/av_l/av_r/x/y/theta/t_err: 0.83782 0.36576 3.81980 -0.05226 0.05226 0.04947 0.36856 0.04947 0.36856 0.00000 0.00000 0.16018 0.24218
target: 0.36576 0.49967
fb: 0.00000 0.06118 0.22362 0.90807
fb: 0.00000 0.07184 0.22362 0.90807
dist/lin/ang/drive_left/drive_right/tv_l/tv_r/av_l/av_r/x/y/theta/t_err: 0.83782 0.45720 3.58140 -0.07184 0.07184 0.13708 0.48167 0.13708 0.48167 0.00000 0.00000 0.63061 0.23397
target: 0.45720 0.46848
fb: 0.01545 0.08264 0.32015 0.96218
fb: 0.06796 0.08884 0.29126 0.93329
dist/lin/ang/drive_left/drive_right/tv_l/tv_r/av_l/av_r/x/y/theta/t_err: 0.83751 0.54864 3.34316 -0.02087 0.15680 0.22208 0.45325 0.22208 0.45325 0.01216 0.00023 1.27705 0.22277
target: 0.54864 0.43732
fb: 0.12225 0.08703 0.59179 1.00000
fb: 0.17454 0.07755 0.56302 1.00000
dist/lin/ang/drive_left/drive_right/tv_l/tv_r/av_l/av_r/x/y/theta/t_err: 0.83513 0.64008 3.10878 0.09699 0.25209 0.31844 0.37147 0.31844 0.37147 0.10837 0.00307 2.04310 0.21003
target: 0.64008 0.40666
fb: 0.21735 0.06919 0.64790 1.00000
fb: 0.25795 0.05839 0.62557 1.00000
dist/lin/ang/drive_left/drive_right/tv_l/tv_r/av_l/av_r/x/y/theta/t_err: 0.83087 0.73152 2.98580 0.19956 0.31634 0.42453 0.59686 0.42453 0.59686 0.27937 0.01020 2.70429 0.19955
target: 0.73152 0.39057
fb: 0.30054 0.05316 0.70079 1.00000
fb: 0.34908 0.05038 0.67409 1.00000
dist/lin/ang/drive_left/drive_right/tv_l/tv_r/av_l/av_r/x/y/theta/t_err: 0.82497 0.82296 2.92916 0.29871 0.39946 0.45242 0.76128 0.45242 0.76128 0.51569 0.02245 3.20765 0.19217
target: 0.82296 0.38316
fb: 0.40734 0.04891 0.73489 1.00000
fb: 0.41683 0.04717 0.72967 1.00000
dist/lin/ang/drive_left/drive_right/tv_l/tv_r/av_l/av_r/x/y/theta/t_err: 0.81697 0.91440 2.86930 0.36965 0.46400 0.48714 0.82356 0.48714 0.82356 0.83585 0.04165 3.64393 0.18643
target: 0.91440 0.37533
fb: 0.44595 0.04633 0.80677 1.00000
fb: 0.50619 0.04222 0.77364 1.00000
dist/lin/ang/drive_left/drive_right/tv_l/tv_r/av_l/av_r/x/y/theta/t_err: 0.80820 1.00584 2.79326 0.46397 0.54842 0.51075 0.86358 0.51075 0.86358 1.18620 0.06531 4.06255 0.18112
target: 1.00584 0.36539
fb: 0.52561 0.03930 0.85750 1.00000
fb: 0.56246 0.03783 0.83723 1.00000
dist/lin/ang/drive_left/drive_right/tv_l/tv_r/av_l/av_r/x/y/theta/t_err: 0.79786 1.09728 2.75152 0.52463 0.60029 0.49758 0.89525 0.49758 0.89525 1.59893 0.09598 4.43085 0.17703
target: 1.09728 0.35993
fb: 0.56621 0.04194 0.92670 1.00000
fb: 0.64388 0.04139 0.88398 1.00000
dist/lin/ang/drive_left/drive_right/tv_l/tv_r/av_l/av_r/x/y/theta/t_err: 0.78671 1.18872 2.70677 0.60250 0.68527 0.47536 0.91014 0.47536 0.91014 2.04333 0.13170 4.77515 0.17351
target: 1.18872 0.35407
fb: 0.74097 0.04654 0.92238 1.00000
fb: 0.72928 0.05114 0.92881 1.00000
dist/lin/ang/drive_left/drive_right/tv_l/tv_r/av_l/av_r/x/y/theta/t_err: 0.77211 1.28016 2.65727 0.67814 0.78042 0.52258 0.91783 0.52258 0.91783 2.62459 0.18212 5.15217 0.17019
target: 1.28016 0.34760
fb: 0.79504 0.05442 0.98486 1.00000
fb: 0.85329 0.05936 0.95282 1.00000
dist/lin/ang/drive_left/drive_right/tv_l/tv_r/av_l/av_r/x/y/theta/t_err: 0.75643 1.36310 2.56586 0.79393 0.91265 0.63122 0.89953 0.63122 0.89953 3.24784 0.24083 5.60320 0.16579
target: 1.36310 0.33564
fb: 0.79901 0.05790 1.00000 1.00000
fb: 0.86896 0.05811 0.99792 1.00000
dist/lin/ang/drive_left/drive_right/tv_l/tv_r/av_l/av_r/x/y/theta/t_err: 0.74066 1.37532 2.45809 0.81085 0.92707 0.58383 0.91133 0.58383 0.91133 3.87370 0.30497 6.11375 0.16035
target: 1.37532 0.32154
fb: 0.95236 0.06431 0.69037 1.00000
fb: 0.93670 0.07525 0.69899 1.00000
dist/lin/ang/drive_left/drive_right/tv_l/tv_r/av_l/av_r/x/y/theta/t_err: 0.72185 1.38720 2.37785 0.86145 1.01195 0.43978 0.92500 0.43978 0.92500 4.61896 0.38817 6.64932 0.15510
target: 1.38720 0.31105
fb: 0.95214 0.08194 0.70756 1.00000
fb: 0.92500 0.09107 0.72248 1.00000
dist/lin/ang/drive_left/drive_right/tv_l/tv_r/av_l/av_r/x/y/theta/t_err: 0.70303 1.40424 2.21454 0.83394 1.01607 0.60625 0.93833 0.60625 0.93833 5.36314 0.47914 7.30844 0.14763
target: 1.40424 0.28968
fb: 0.94265 0.10103 0.76411 1.00000
fb: 1.08035 0.10584 0.68838 1.00000
dist/lin/ang/drive_left/drive_right/tv_l/tv_r/av_l/av_r/x/y/theta/t_err: 0.68437 1.42833 1.98908 0.97451 1.18618 0.65689 0.93219 0.65689 0.93219 6.09866 0.57879 8.12725 0.13720
target: 1.42833 0.26019
fb: 1.11697 0.10793 0.73932 1.00000
fb: 1.12668 0.11071 0.73398 1.00000
dist/lin/ang/drive_left/drive_right/tv_l/tv_r/av_l/av_r/x/y/theta/t_err: 0.66222 1.45582 1.77559 1.01597 1.23740 0.65842 0.92944 0.65842 0.92944 6.96834 0.70988 9.04912 0.12546
target: 1.45582 0.23226
fb: 1.15780 0.11455 0.77564 1.00000
fb: 1.12095 0.11692 0.79591 1.00000
dist/lin/ang/drive_left/drive_right/tv_l/tv_r/av_l/av_r/x/y/theta/t_err: 0.63923 1.48631 1.54964 1.00403 1.23786 0.68786 0.93750 0.68786 0.93750 7.86741 0.86075 10.02527 0.11266
target: 1.48631 0.20271
fb: 1.22576 0.11817 0.79934 1.00000
fb: 1.25665 0.12305 0.78235 1.00000
dist/lin/ang/drive_left/drive_right/tv_l/tv_r/av_l/av_r/x/y/theta/t_err: 0.61485 1.51970 1.31004 1.13360 1.37970 0.71678 0.94039 0.71678 0.94039 8.81623 1.03755 11.05035 0.09888
target: 1.51970 0.17137
fb: 1.23547 0.12451 0.85867 1.00000
fb: 1.30144 0.12395 0.82239 1.00000
dist/lin/ang/drive_left/drive_right/tv_l/tv_r/av_l/av_r/x/y/theta/t_err: 0.59024 1.55658 1.04832 1.17749 1.42540 0.69367 0.93833 0.69367 0.93833 9.76918 1.23306 12.11997 0.08395
target: 1.55658 0.13713
fb: 1.29151 0.12500 0.90021 1.00000
fb: 1.30718 0.12653 0.89159 1.00000
dist/lin/ang/drive_left/drive_right/tv_l/tv_r/av_l/av_r/x/y/theta/t_err: 0.56449 1.59574 0.78766 1.18065 1.43371 0.66542 0.94642 0.66542 0.94642 10.76140 1.45588 13.20569 0.06841
target: 1.59574 0.10303
fb: 1.25290 0.13120 0.99106 1.00000
fb: 1.37117 0.13643 0.92601 1.00000
dist/lin/ang/drive_left/drive_right/tv_l/tv_r/av_l/av_r/x/y/theta/t_err: 0.53948 1.63879 0.49681 1.23475 1.50760 0.66478 0.95000 0.66478 0.95000 11.71970 1.69017 14.32091 0.05169
target: 1.63879 0.06499
fb: 1.52034 0.14395 0.92635 1.00000
fb: 1.40405 0.14653 0.99031 1.00000
dist/lin/ang/drive_left/drive_right/tv_l/tv_r/av_l/av_r/x/y/theta/t_err: 0.50910 1.68776 0.16266 1.25752 1.55058 0.67742 0.95017 0.67742 0.95017 12.87653 1.99804 15.52779 0.03311
target: 1.68776 0.02128
fb: 1.44487 0.15050 1.00000 1.00000
fb: 1.52431 0.15336 1.00000 1.00000
dist/lin/ang/drive_left/drive_right/tv_l/tv_r/av_l/av_r/x/y/theta/t_err: 0.48021 1.74470 -0.22309 1.37095 1.67766 0.73081 0.95564 0.73081 0.95564 13.96911 2.31518 16.80878 0.01205
target: 1.74470 -0.02918
fb: 1.45656 0.15210 1.00000 1.00000
fb: 1.50114 0.15203 1.00000 1.00000
dist/lin/ang/drive_left/drive_right/tv_l/tv_r/av_l/av_r/x/y/theta/t_err: 0.45108 1.74747 -0.63264 1.34910 1.65317 0.90142 0.94228 0.90142 0.94228 15.06316 2.65925 18.13432 -0.01104
target: 1.74747 -0.08276
fb: 1.57285 0.14778 0.93980 0.84837
fb: 1.51460 0.14179 0.97184 0.88041
dist/lin/ang/drive_left/drive_right/tv_l/tv_r/av_l/av_r/x/y/theta/t_err: 0.41963 1.63308 -1.05924 1.37281 1.65639 0.88481 0.90706 0.88481 0.90706 16.23560 3.05819 19.45219 -0.03573
target: 1.63308 -0.13856
fb: 1.53600 0.13684 0.41886 0.23294
fb: 1.53402 0.12904 0.41995 0.23403
dist/lin/ang/drive_left/drive_right/tv_l/tv_r/av_l/av_r/x/y/theta/t_err: 0.38895 1.51098 -1.46695 1.40498 1.66306 0.75664 0.76264 0.75664 0.76264 17.37152 3.47341 20.67595 -0.06077
target: 1.51098 -0.19189
fb: 1.56116 0.12082 0.29263 -0.09608
fb: 1.62714 0.11712 0.25635 -0.13236
dist/lin/ang/drive_left/drive_right/tv_l/tv_r/av_l/av_r/x/y/theta/t_err: 0.35781 1.39163 -1.87987 1.51001 1.74426 0.49333 0.42536 0.49333 0.42536 18.51719 3.91892 21.77682 -0.08616
target: 1.39163 -0.24591
fb: 1.49342 0.11531 0.26235 -0.20048
fb: 1.53402 0.10242 0.24002 -0.22282
dist/lin/ang/drive_left/drive_right/tv_l/tv_r/av_l/av_r/x/y/theta/t_err: 0.32809 1.27702 -2.32428 1.43160 1.63644 0.34117 -0.04022 0.34117 -0.04022 19.60538 4.36455 22.79905 -0.11261
target: 1.27702 -0.30404
fb: 1.59801 0.08027 0.15262 -0.38960
fb: 1.44885 0.06118 0.23466 -0.30756
dist/lin/ang/drive_left/drive_right/tv_l/tv_r/av_l/av_r/x/y/theta/t_err: 0.29638 1.16077 -2.78543 1.38767 1.51002 0.29019 -0.19267 0.29019 -0.19267 20.76167 4.86079 23.63530 -0.14013
target: 1.16077 -0.36436
fb: 1.35551 0.04877 0.20808 -0.41747
fb: 1.23724 0.04041 0.27313 -0.35242
dist/lin/ang/drive_left/drive_right/tv_l/tv_r/av_l/av_r/x/y/theta/t_err: 0.26958 1.06536 -3.08139 1.19682 1.27765 0.28558 -0.25750 0.28558 -0.25750 21.73743 5.29332 24.14877 -0.16361
target: 1.06536 -0.40308
fb: 1.18119 0.03686 0.32162 -0.35431
fb: 1.21407 0.03170 0.30354 -0.37239
dist/lin/ang/drive_left/drive_right/tv_l/tv_r/av_l/av_r/x/y/theta/t_err: 0.24632 0.98253 -3.39532 1.18236 1.24577 0.32100 -0.25475 0.32100 -0.25475 22.58496 5.67636 24.48377 -0.18536
target: 0.98253 -0.44414
fb: 1.09756 0.01763 0.36584 -0.36480
fb: 0.97355 -0.00314 0.43405 -0.29659
dist/lin/ang/drive_left/drive_right/tv_l/tv_r/av_l/av_r/x/y/theta/t_err: 0.22479 0.90436 -3.76739 0.97668 0.97041 0.32392 -0.30628 0.32392 -0.30628 23.37067 6.03626 24.72524 -0.20778
target: 0.90436 -0.49281
fb: 1.00665 -0.02446 0.39196 -0.40487
fb: 0.95413 -0.04620 0.42085 -0.37599
dist/lin/ang/drive_left/drive_right/tv_l/tv_r/av_l/av_r/x/y/theta/t_err: 0.20513 0.83706 -4.00098 1.00033 0.90794 0.34939 -0.28800 0.34939 -0.28800 24.09073 6.36761 24.65066 -0.22670
target: 0.83706 -0.52337
fb: 0.87271 -0.06975 0.46488 -0.37248
fb: 0.81467 -0.09169 0.49680 -0.34056
dist/lin/ang/drive_left/drive_right/tv_l/tv_r/av_l/av_r/x/y/theta/t_err: 0.18815 0.78498 -4.07545 0.90637 0.72298 0.41133 -0.32017 0.41133 -0.32017 24.71629 6.65200 24.19261 -0.23924
target: 0.78498 -0.53311
fb: 0.77760 -0.11253 0.53457 -0.31423
fb: 0.79702 -0.13545 0.52389 -0.32491
dist/lin/ang/drive_left/drive_right/tv_l/tv_r/av_l/av_r/x/y/theta/t_err: 0.17305 1.10938 -4.03916 0.93247 0.66157 0.48369 -0.31619 0.48369 -0.31619 25.27656 6.89895 23.34651 -0.24515
target: 1.10938 -0.52836
fb: 0.76414 -0.16193 1.00000 1.00000
fb: 0.71559 -0.19077 1.00000 1.00000
dist/lin/ang/drive_left/drive_right/tv_l/tv_r/av_l/av_r/x/y/theta/t_err: 0.15347 1.04472 -3.14726 0.90637 0.52482 0.59939 -0.24758 0.59939 -0.24758 25.83136 7.13178 22.10418 -0.22347
target: 1.04472 -0.41169
fb: 0.70985 -0.21878 0.68978 0.13455
fb: 0.66528 -0.24819 0.71429 0.15907
dist/lin/ang/drive_left/drive_right/tv_l/tv_r/av_l/av_r/x/y/theta/t_err: 0.14036 0.99913 -2.49731 0.91346 0.41709 0.81189 0.20156 0.81189 0.20156 26.35223 7.33448 20.37619 -0.19331
target: 0.99913 -0.32667
fb: 0.72728 -0.28149 0.65567 0.21853
fb: 0.78553 -0.30246 0.62364 0.18649
dist/lin/ang/drive_left/drive_right/tv_l/tv_r/av_l/av_r/x/y/theta/t_err: 0.12705 0.95055 -1.69563 1.08799 0.48307 0.64900 0.16992 0.64900 0.16992 26.89301 7.52282 18.13674 -0.15422
target: 0.95055 -0.22181
fb: 0.67675 -0.30511 0.55459 0.25918
fb: 0.61077 -0.30009 0.59088 0.29547
dist/lin/ang/drive_left/drive_right/tv_l/tv_r/av_l/av_r/x/y/theta/t_err: 0.11471 0.90321 -0.82759 0.91086 0.31068 0.59014 0.19042 0.59014 0.19042 27.40289 7.67752 15.50836 -0.10835
target: 0.90321 -0.10826
fb: 0.57613 -0.30288 0.49329 0.35207
fb: 0.56046 -0.31194 0.50191 0.36068
dist/lin/ang/drive_left/drive_right/tv_l/tv_r/av_l/av_r/x/y/theta/t_err: 0.10414 0.86060 -0.09057 0.87240 0.24852 0.54533 0.26933 0.54533 0.26933 27.84263 7.78886 12.87512 -0.06239
target: 0.86060 -0.01185
fb: 0.61276 -0.31786 0.38451 0.37900
fb: 0.64387 -0.31013 0.36740 0.36188
dist/lin/ang/drive_left/drive_right/tv_l/tv_r/av_l/av_r/x/y/theta/t_err: 0.09264 0.81170 0.70423 0.95400 0.33374 0.47583 0.33519 0.47583 0.33519 28.31546 7.88474 10.14658 -0.01477
target: 0.81170 0.09212
fb: 0.62644 -0.29431 0.23721 0.36744
fb: 0.69617 -0.27954 0.19886 0.32909
dist/lin/ang/drive_left/drive_right/tv_l/tv_r/av_l/av_r/x/y/theta/t_err: 0.08065 0.75734 1.43025 0.97571 0.41663 0.36531 0.34683 0.36531 0.34683 28.80289 7.96014 7.47563 0.03185
target: 0.75734 0.18709
fb: 0.70786 -0.26909 -0.06330 0.31283
fb: 0.71382 -0.26282 -0.06658 0.30955
dist/lin/ang/drive_left/drive_right/tv_l/tv_r/av_l/av_r/x/y/theta/t_err: 0.06683 0.68940 2.02053 0.97664 0.45100 0.19183 0.32253 0.19183 0.32253 29.35686 8.02130 5.05404 0.07411
target: 0.68940 0.26431
fb: 0.73500 -0.25515 -0.24962 0.22887
fb: 0.69418 -0.23571 -0.22717 0.25133
dist/lin/ang/drive_left/drive_right/tv_l/tv_r/av_l/av_r/x/y/theta/t_err: 0.05233 0.61008 2.60362 0.92990 0.45847 -0.06417 0.28831 -0.06417 0.28831 29.93421 8.06108 2.78174 0.11377
target: 0.61008 0.34058
fb: 0.65756 -0.19858 -0.37986 0.19995
fb: 0.57790 -0.15977 -0.33605 0.24376
dist/lin/ang/drive_left/drive_right/tv_l/tv_r/av_l/av_r/x/y/theta/t_err: 0.03929 0.52865 3.04727 0.73767 0.41814 -0.22089 0.22622 -0.22089 0.22622 30.45170 8.07725 0.81538 0.14809
target: 0.52865 0.39861
fb: 0.53134 -0.12646 -0.43605 0.22163
fb: 0.51789 -0.09727 -0.42865 0.22903
dist/lin/ang/drive_left/drive_right/tv_l/tv_r/av_l/av_r/x/y/theta/t_err: 0.02872 0.45192 3.19778 0.61515 0.42062 -0.32869 0.21800 -0.32869 0.21800 30.87007 8.07810 -0.51215 0.17126
target: 0.45192 0.41830
fb: 0.47508 -0.06654 -0.31826 0.33357
fb: 0.45588 -0.03588 -0.30770 0.34413
dist/lin/ang/drive_left/drive_right/tv_l/tv_r/av_l/av_r/x/y/theta/t_err: 0.01924 0.36988 3.22656 0.49176 0.42000 -0.35058 0.23631 -0.35058 0.23631 31.24410 8.07209 -1.29167 0.18487
target: 0.36988 0.42207
fb: 0.44220 -0.00585 -0.38882 0.26813
fb: 0.40138 0.02515 -0.36637 0.29058
dist/lin/ang/drive_left/drive_right/tv_l/tv_r/av_l/av_r/x/y/theta/t_err: 0.01040 0.27194 3.11177 0.37623 0.42653 -0.31056 0.29653 -0.31056 0.29653 31.59218 8.06331 -1.53834 0.18917
target: 0.27194 0.40705
fb: 0.40734 0.05525 -0.48147 0.15506
fb: 0.38792 0.08277 -0.47079 0.16574
dist/lin/ang/drive_left/drive_right/tv_l/tv_r/av_l/av_r/x/y/theta/t_err: 0.00224 0.00056 2.85041 0.30514 0.47069 -0.35881 0.24897 -0.35881 0.24897 31.91282 8.05533 -1.25573 0.18424
target: 0.00056 0.37286
fb: 0.35482 0.10814 -1.00000 -0.52403
fb: 0.36056 0.13350 -1.00000 -0.52719
dist/lin/ang/drive_left/drive_right/tv_l/tv_r/av_l/av_r/x/y/theta/t_err: -0.00487 -0.00122 2.46567 0.22706 0.49405 -0.29944 0.11450 -0.29944 0.11450 32.19217 8.05097 -0.48299 0.17075
target: -0.00122 0.32253
fb: 0.31620 0.15621 -0.43371 0.08788
fb: 0.25795 0.17781 -0.40167 0.11992
dist/lin/ang/drive_left/drive_right/tv_l/tv_r/av_l/av_r/x/y/theta/t_err: -0.01122 -0.28249 1.97459 0.08014 0.43576 -0.45617 -0.23478 -0.45617 -0.23478 32.44114 8.05121 0.73095 0.14956
target: -0.28249 0.25830
fb: 0.19771 0.18373 -1.00000 -0.79687
fb: 0.13195 0.18011 -1.00000 -0.76071
dist/lin/ang/drive_left/drive_right/tv_l/tv_r/av_l/av_r/x/y/theta/t_err: -0.01520 -0.32881 1.42460 -0.04816 0.31207 -0.38964 0.04569 -0.38964 0.04569 32.59677 8.05502 2.28304 0.12248
target: -0.32881 0.18635
fb: 0.08341 0.18004 -0.60488 -0.35634
fb: 0.03486 0.18018 -0.57819 -0.32964
dist/lin/ang/drive_left/drive_right/tv_l/tv_r/av_l/av_r/x/y/theta/t_err: -0.01689 -0.34654 0.97391 -0.14532 0.21505 -0.53900 -0.32800 -0.53900 -0.32800 32.66236 8.05839 3.86281 0.09490
target: -0.34654 0.12740
fb: 0.00772 0.17865 -0.48291 -0.31455
fb: 0.00397 0.16827 -0.48085 -0.31248
final error: 0.67101, x: -0.66842, y: -0.05884
final local error: 0.67101, forwards: -0.67099, sideways: 0.00472
position: 32.66842 8.05884 5.43373
took 1.16000 time to finish turn
WARNING - pros.serial.terminal.terminal:stop - Stopping terminal - pros-cli version:3.5.6

[tomas@nixbtw:~/projects/Robotics/current/Cognex]$

