
[tomas@nixbtw:~/projects/Robotics/current/Cognex]$ t
Not sending analytics for this command.

Established terminal connection



         _+=+_
      .-`  .  `-.          8888888b.  8888888b.   .d88888b.   .d8888b.
   _+`     "     `+_       888   Y88b 888   Y88b d88P" "Y88b d88P  Y88b
  \\\sssssssssssss///      888    888 888    888 888     888 Y88b.
     .ss\  *  /ss.         888   d88P 888   d88P 888     888  "Y888b.
 .+bm  .s  *  s.  md+.     8888888P"  8888888P"  888     888     "Y88b.
.hMMMMs .  *  . sMMMMh.    888        888 T88b   888     888       "888
 `\hMMMb \ | / dMMMh:      888        888  T88b  Y88b. .d88P Y88b  d88P
   -SNMNo  -  oNMNs-       888        888   T88b  "Y88888P"   "Y8888P"
     `+dMh\./dMd/
        `:yNy:`                      Powered by PROS for VEX V5
           "                Copyright (c) Purdue University ACM SIGBots
Version:        4.2.1     Platform:  V1.1.5 (b18)     Uptime:    0.000 s
Compiled:   Jan  1 1980 00:00:00     Directory:


bouncing done
health done
auton done
calibrated!
starting task: 2318295
initializing odom model
timed correctly: 2321168
initializing pf model
initializing smoother model
start is 0.000 0.000
dist/lin/ang/drive_left/drive_right/tv_l/tv_r/av_l/av_r/x/y/theta/t_err: 0.86210 0.09144 6.00000 0.00000 0.00000 0.00017 -0.00017 0.00017 -0.00017 0.00000 0.00000 0.00002 0.78540
target: 0.09144 0.78486
fb: 0.00000 0.00000 -0.34817 0.80218
fb: 0.00000 0.00000 -0.34817 0.80218
dist/lin/ang/drive_left/drive_right/tv_l/tv_r/av_l/av_r/x/y/theta/t_err: 0.86210 0.18288 6.00000 0.00000 0.00000 -0.09172 0.10336 -0.09172 0.10336 0.00000 0.00000 0.00014 0.78540
target: 0.18288 0.78486
fb: 0.00000 0.00000 -0.21375 0.93660
fb: 0.00000 0.00808 -0.21375 0.93660
dist/lin/ang/drive_left/drive_right/tv_l/tv_r/av_l/av_r/x/y/theta/t_err: 0.86210 0.27432 6.00000 -0.00808 0.00808 -0.26672 0.40606 -0.26672 0.40606 0.00000 0.00000 0.00029 0.78539
target: 0.27432 0.78486
fb: 0.00000 0.03303 -0.12962 1.00000
fb: 0.00000 0.06473 -0.12962 1.00000
dist/lin/ang/drive_left/drive_right/tv_l/tv_r/av_l/av_r/x/y/theta/t_err: 0.86210 0.36576 6.00000 -0.06473 0.06473 -0.17592 0.38308 -0.17592 0.38308 0.00000 0.00000 0.13927 0.78297
target: 0.36576 0.78486
fb: 0.00000 0.09330 -0.04550 1.00000
fb: 0.00000 0.11301 -0.04550 1.00000
dist/lin/ang/drive_left/drive_right/tv_l/tv_r/av_l/av_r/x/y/theta/t_err: 0.86210 0.44090 5.79268 -0.11301 0.11301 -0.08914 0.57750 -0.08914 0.57750 0.00000 0.00000 0.76132 0.77211
target: 0.44090 0.75774
fb: -0.00177 0.12751 0.08821 1.00000
fb: -0.00177 0.13824 0.08821 1.00000
dist/lin/ang/drive_left/drive_right/tv_l/tv_r/av_l/av_r/x/y/theta/t_err: 0.86213 0.45820 5.35592 -0.14000 0.13647 -0.00428 0.74039 -0.00428 0.74039 -0.00139 -0.00004 1.77673 0.75436
target: 0.45820 0.70061
fb: 0.04259 0.14932 -0.07571 0.96006
fb: 0.11629 0.16060 -0.11625 0.91952
dist/lin/ang/drive_left/drive_right/tv_l/tv_r/av_l/av_r/x/y/theta/t_err: 0.86150 0.47913 5.05368 -0.04432 0.27689 0.01781 0.74344 0.01781 0.74344 0.03211 0.00154 3.01132 0.73348
target: 0.47913 0.66107
fb: 0.15137 0.17398 -0.08252 0.89947
fb: 0.15314 0.18694 -0.08350 0.89850
dist/lin/ang/drive_left/drive_right/tv_l/tv_r/av_l/av_r/x/y/theta/t_err: 0.85923 0.50254 4.79667 -0.03380 0.34008 -0.08061 0.56142 -0.08061 0.56142 0.15104 0.00927 4.44055 0.71086
target: 0.50254 0.62745
fb: 0.18028 0.19913 -0.04943 0.88685
fb: 0.20962 0.21084 -0.06557 0.87070
dist/lin/ang/drive_left/drive_right/tv_l/tv_r/av_l/av_r/x/y/theta/t_err: 0.85646 0.53066 4.43058 -0.00121 0.42046 -0.06964 0.51589 -0.06964 0.51589 0.29238 0.02244 6.09812 0.68463
target: 0.53066 0.57956
fb: 0.20742 0.22450 0.17907 0.98125
fb: 0.20940 0.23794 0.17798 0.98016
dist/lin/ang/drive_left/drive_right/tv_l/tv_r/av_l/av_r/x/y/theta/t_err: 0.85321 0.56374 4.04523 -0.02854 0.44735 0.02447 0.53078 0.02447 0.53078 0.45447 0.04239 7.96958 0.65498
target: 0.56374 0.52916
fb: 0.20962 0.24867 0.26330 0.99796
fb: 0.23654 0.25947 0.24849 0.98316
dist/lin/ang/drive_left/drive_right/tv_l/tv_r/av_l/av_r/x/y/theta/t_err: 0.84985 0.60310 3.59998 -0.02293 0.49602 0.18239 0.56500 0.18239 0.56500 0.61749 0.06820 10.06869 0.62128
target: 0.60310 0.47091
fb: 0.26567 0.27034 0.33439 0.99114
fb: 0.28707 0.28177 0.32262 0.97937
dist/lin/ang/drive_left/drive_right/tv_l/tv_r/av_l/av_r/x/y/theta/t_err: 0.84547 0.64772 3.19288 0.00530 0.56884 0.26025 0.53008 0.26025 0.53008 0.82269 0.10882 12.35532 0.58492
target: 0.64772 0.41766
fb: 0.33164 0.28497 0.39773 0.98325
fb: 0.35481 0.27863 0.38499 0.97051
dist/lin/ang/drive_left/drive_right/tv_l/tv_r/av_l/av_r/x/y/theta/t_err: 0.83987 0.69786 2.77772 0.07618 0.63345 0.32578 0.51436 0.32578 0.51436 1.07647 0.17030 14.81630 0.54618
target: 0.69786 0.36335
fb: 0.41483 0.27118 0.45865 0.97159
fb: 0.45764 0.25759 0.43510 0.94804
dist/lin/ang/drive_left/drive_right/tv_l/tv_r/av_l/av_r/x/y/theta/t_err: 0.83269 0.74873 2.53931 0.20005 0.71523 0.37731 0.57733 0.37731 0.57733 1.39025 0.26098 17.23585 0.50894
target: 0.74873 0.33217
fb: 0.41903 0.24393 0.52899 1.00000
fb: 0.46934 0.23432 0.50131 0.97241
dist/lin/ang/drive_left/drive_right/tv_l/tv_r/av_l/av_r/x/y/theta/t_err: 0.82531 0.79739 2.40672 0.23502 0.70366 0.43889 0.46319 0.43889 0.46319 1.70344 0.36473 19.45227 0.47503
target: 0.79739 0.31482
fb: 0.52737 0.22164 0.51896 0.96658
fb: 0.50817 0.20708 0.52952 0.97713
dist/lin/ang/drive_left/drive_right/tv_l/tv_r/av_l/av_r/x/y/theta/t_err: 0.81586 0.84147 2.36028 0.30110 0.71525 0.48147 0.57289 0.48147 0.57289 2.09249 0.50985 21.46373 0.44563
target: 0.84147 0.30875
fb: 0.55672 0.19363 0.53096 0.97002
fb: 0.63616 0.18032 0.48727 0.92633
dist/lin/ang/drive_left/drive_right/tv_l/tv_r/av_l/av_r/x/y/theta/t_err: 0.80575 0.88096 2.32662 0.45583 0.81648 0.49622 0.57306 0.49622 0.57306 2.49773 0.67698 23.24589 0.42028
target: 0.88096 0.30435
fb: 0.64962 0.17001 0.50240 0.93514
fb: 0.67102 0.16457 0.49063 0.92337
dist/lin/ang/drive_left/drive_right/tv_l/tv_r/av_l/av_r/x/y/theta/t_err: 0.79383 0.91409 2.36175 0.50645 0.83559 0.48458 0.54992 0.48458 0.54992 2.96491 0.88523 24.79726 0.39967
target: 0.91409 0.30894
fb: 0.72354 0.15802 0.46502 0.90335
fb: 0.70787 0.14952 0.47363 0.91197
dist/lin/ang/drive_left/drive_right/tv_l/tv_r/av_l/av_r/x/y/theta/t_err: 0.78045 0.94342 2.33821 0.55835 0.85740 0.48083 0.58708 0.48083 0.58708 3.47902 1.13069 26.21637 0.38190
target: 0.94342 0.30586
fb: 0.73104 0.13998 0.47598 0.90982
fb: 0.77583 0.13315 0.45134 0.88518
dist/lin/ang/drive_left/drive_right/tv_l/tv_r/av_l/av_r/x/y/theta/t_err: 0.76684 0.96953 2.31096 0.64268 0.90899 0.45703 0.62386 0.45703 0.62386 3.99240 1.39103 27.49754 0.36644
target: 0.96953 0.30230
fb: 0.78731 0.13259 0.45964 0.88839
fb: 0.82217 0.13468 0.44047 0.86921
dist/lin/ang/drive_left/drive_right/tv_l/tv_r/av_l/av_r/x/y/theta/t_err: 0.75210 0.99201 2.30776 0.68749 0.95686 0.44761 0.60400 0.44761 0.60400 4.53929 1.68294 28.66352 0.35339
target: 0.99201 0.30188
fb: 0.81467 0.13399 0.45192 0.87975
fb: 0.86300 0.13364 0.42534 0.85317
dist/lin/ang/drive_left/drive_right/tv_l/tv_r/av_l/av_r/x/y/theta/t_err: 0.73678 1.01480 2.20462 0.72936 0.99663 0.43050 0.66203 0.43050 0.66203 5.09901 1.99629 29.83488 0.34039
target: 1.01480 0.28839
fb: 0.91728 0.13629 0.42768 0.83742
fb: 0.86697 0.13942 0.45535 0.86509
dist/lin/ang/drive_left/drive_right/tv_l/tv_r/av_l/av_r/x/y/theta/t_err: 0.71945 1.03661 2.13840 0.72755 1.00639 0.41867 0.67142 0.41867 0.67142 5.72187 2.36194 31.00930 0.32816
target: 1.03661 0.27972
fb: 0.87866 0.14430 0.47175 0.86975
fb: 0.91926 0.14827 0.44942 0.84742
dist/lin/ang/drive_left/drive_right/tv_l/tv_r/av_l/av_r/x/y/theta/t_err: 0.70278 1.06155 1.96289 0.77099 1.06753 0.43033 0.70292 0.43033 0.70292 6.31089 2.72485 32.24335 0.31442
target: 1.06155 0.25677
fb: 0.95413 0.15336 0.48212 0.84959
fb: 0.98899 0.15977 0.46295 0.83042
dist/lin/ang/drive_left/drive_right/tv_l/tv_r/av_l/av_r/x/y/theta/t_err: 0.68459 1.08843 1.81150 0.82922 1.14876 0.44181 0.67761 0.44181 0.67761 6.94161 3.13302 33.55222 0.29989
target: 1.08843 0.23696
fb: 0.94640 0.16388 0.53328 0.87435
fb: 0.96781 0.16457 0.52151 0.86258
dist/lin/ang/drive_left/drive_right/tv_l/tv_r/av_l/av_r/x/y/theta/t_err: 0.66646 1.11941 1.59955 0.80323 1.13238 0.45567 0.70378 0.45567 0.70378 7.55768 3.55225 34.95370 0.28349
target: 1.11941 0.20924
fb: 1.02584 0.16785 0.55429 0.85855
fb: 0.99296 0.16882 0.57238 0.87664
dist/lin/ang/drive_left/drive_right/tv_l/tv_r/av_l/av_r/x/y/theta/t_err: 0.64671 1.15173 1.45006 0.82414 1.16178 0.50717 0.65861 0.50717 0.65861 8.21385 4.02329 36.39839 0.26677
target: 1.15173 0.18968
fb: 1.00664 0.16799 0.61437 0.89253
fb: 1.07240 0.16687 0.57820 0.85636
dist/lin/ang/drive_left/drive_right/tv_l/tv_r/av_l/av_r/x/y/theta/t_err: 0.62725 1.18643 1.27294 0.90552 1.23927 0.55372 0.67450 0.55372 0.67450 8.84561 4.50195 37.86530 0.24922
target: 1.18643 0.16651
fb: 1.08784 0.16360 0.62812 0.87544
fb: 1.08034 0.15956 0.63224 0.87956
dist/lin/ang/drive_left/drive_right/tv_l/tv_r/av_l/av_r/x/y/theta/t_err: 0.60612 1.22041 1.16938 0.92078 1.23990 0.57372 0.66903 0.57372 0.66903 9.51512 5.03621 39.30906 0.23244
target: 1.22041 0.15297
fb: 1.06092 0.15614 0.68172 0.91081
fb: 1.09182 0.14980 0.66473 0.89382
dist/lin/ang/drive_left/drive_right/tv_l/tv_r/av_l/av_r/x/y/theta/t_err: 0.58543 1.25389 1.06393 0.94201 1.24162 0.61531 0.81431 0.61531 0.81431 10.15506 5.57315 40.69025 0.21626
target: 1.25389 0.13917
fb: 1.19663 0.15050 0.64656 0.85712
fb: 1.15978 0.15141 0.66683 0.87739
dist/lin/ang/drive_left/drive_right/tv_l/tv_r/av_l/av_r/x/y/theta/t_err: 0.56202 1.28392 1.03221 1.00837 1.31118 0.63942 0.77272 0.63942 0.77272 10.86223 6.19578 42.00043 0.20204
target: 1.28392 0.13502
fb: 1.16177 0.14883 0.68355 0.88821
fb: 1.22951 0.14200 0.64629 0.85095
dist/lin/ang/drive_left/drive_right/tv_l/tv_r/av_l/av_r/x/y/theta/t_err: 0.53922 1.31590 0.88489 1.08751 1.37151 0.63961 0.75375 0.63961 0.75375 11.53462 6.81601 43.31780 0.18718
target: 1.31590 0.11575
fb: 1.16552 0.13406 0.73296 0.91201
fb: 1.19288 0.12751 0.71792 0.89696
WARNING - pros.serial.terminal.terminal:reader - Connection to /dev/ttyACM1 broken - pros-cli version:3.5.6
WARNING - pros.serial.terminal.terminal:stop - Stopping terminal - pros-cli version:3.5.6

[tomas@nixbtw:~/projects/Robotics/current/Cognex]$

